300.0 -11.6999655
303.0 -11.690534
306.0 -11.681102
309.0 -11.672078
312.0 -11.670085
315.0 -11.668092
318.0 -11.666099
321.0 -11.664105
324.0 -11.662112
327.0 -11.660119
330.0 -11.658137
333.0 -11.656159
336.0 -11.6541815
339.0 -11.6522045
342.0 -11.650227
345.0 -11.64825
348.0 -11.646059
351.0 -11.642987
354.0 -11.6399145
357.0 -11.636842
360.0 -11.633595
363.0 -11.629803
366.0 -11.62601
369.0 -11.621915
372.0 -11.617586
375.0 -11.613257
378.0 -11.608928
381.0 -11.604599
384.0 -11.600269
387.0 -11.595941
390.0 -11.591611
393.0 -11.587282
396.0 -11.5829525
399.0 -11.578624
402.0 -11.574294
405.0 -11.569989
408.0 -11.566164
411.0 -11.562339
414.0 -11.558513
417.0 -11.554687
420.0 -11.550861
423.0 -11.547036
426.0 -11.54321
429.0 -11.539385
432.0 -11.535559
435.0 -11.5317135
438.0 -11.527986
441.0 -11.524259
444.0 -11.520531
447.0 -11.516803
450.0 -11.513076
453.0 -11.509348
456.0 -11.50562
459.0 -11.501893
462.0 -11.498165
465.0 -11.494437
468.0 -11.49071
471.0 -11.486982
474.0 -11.483254
477.0 -11.4795265
480.0 -11.4758
483.0 -11.471991
486.0 -11.467864
489.0 -11.463737
492.0 -11.459611
495.0 -11.455485
498.0 -11.45136
501.0 -11.447234
504.0 -11.443107
507.0 -11.438981
510.0 -11.434855
513.0 -11.430631
516.0 -11.4255705
519.0 -11.419845
522.0 -11.413718
525.0 -11.407591
528.0 -11.4014635
531.0 -11.395337
534.0 -11.389211
537.0 -11.383083
540.0 -11.376956
543.0 -11.370801
546.0 -11.36452
549.0 -11.358241
552.0 -11.35196
555.0 -11.345679
558.0 -11.339399
561.0 -11.333119
564.0 -11.3268385
567.0 -11.320558
570.0 -11.314278
573.0 -11.307998
576.0 -11.301718
579.0 -11.295437
582.0 -11.289157
585.0 -11.282876
588.0 -11.276595
591.0 -11.270315
594.0 -11.264034
597.0 -11.258725
600.0 -11.25368
603.0 -11.248636
606.0 -11.243591
609.0 -11.238547
612.0 -11.233502
615.0 -11.228458
618.0 -11.223413
621.0 -11.2183695
624.0 -11.213325
627.0 -11.208281
630.0 -11.203236
633.0 -11.198191
636.0 -11.193147
639.0 -11.188102
642.0 -11.183058
645.0 -11.178014
648.0 -11.172969
651.0 -11.167924
654.0 -11.162881
657.0 -11.157836
660.0 -11.152791
663.0 -11.147746
666.0 -11.142703
669.0 -11.137658
672.0 -11.132613
675.0 -11.127568
678.0 -11.122524
681.0 -11.11748
684.0 -11.112435
687.0 -11.107843
690.0 -11.104884
693.0 -11.101924
696.0 -11.098966
699.0 -11.096005
702.0 -11.093046
705.0 -11.090086
708.0 -11.087127
711.0 -11.084168
714.0 -11.081208
717.0 -11.078249
720.0 -11.07529
723.0 -11.0723295
726.0 -11.069371
729.0 -11.066411
732.0 -11.063452
735.0 -11.0604925
738.0 -11.057532
741.0 -11.054574
744.0 -11.051614
747.0 -11.048654
750.0 -11.045694
753.0 -11.042735
756.0 -11.039775
759.0 -11.036817
762.0 -11.034017
765.0 -11.031299
768.0 -11.028581
771.0 -11.025863
774.0 -11.023144
777.0 -11.020425
780.0 -11.017707
783.0 -11.014989
786.0 -11.012271
789.0 -11.009553
792.0 -11.006834
795.0 -11.004115
798.0 -11.001397
800.0 -10.999585
810.0 -10.990524
820.0 -10.9814625
830.0 -10.972402
840.0 -10.963341
850.0 -10.95644
860.0 -10.951522
870.0 -10.946604
880.0 -10.94135
890.0 -10.934831
900.0 -10.927765
910.0 -10.9205265
920.0 -10.913288
930.0 -10.906049
940.0 -10.89881
950.0 -10.890802
960.0 -10.878964
970.0 -10.867127
980.0 -10.859946
990.0 -10.854797
1000.0 -10.848269
1010.0 -10.841384
1020.0 -10.834067
1030.0 -10.826749
1040.0 -10.81943
1050.0 -10.8105135
1060.0 -10.800597
1070.0 -10.789923
1080.0 -10.779248
1090.0 -10.768574
1100.0 -10.757899
1110.0 -10.747226
1120.0 -10.73655
1130.0 -10.725876
1140.0 -10.716995
1150.0 -10.70864
1160.0 -10.700286
1170.0 -10.69193
1180.0 -10.683576
1190.0 -10.675221
1200.0 -10.667015
1210.0 -10.66122
1220.0 -10.655423
1230.0 -10.649629
1240.0 -10.643832
1250.0 -10.638037
1260.0 -10.632241
1270.0 -10.626445
1280.0 -10.620649
1290.0 -10.614854
1300.0 -10.609059
1310.0 -10.603263
1320.0 -10.597467
1330.0 -10.591672
1340.0 -10.585876
1350.0 -10.58008
1360.0 -10.574285
1370.0 -10.568488
1380.0 -10.562694
1390.0 -10.556897
1400.0 -10.551103
1410.0 -10.545306
1420.0 -10.539511
1430.0 -10.533715
1440.0 -10.527984
1450.0 -10.522281
1460.0 -10.516492
1470.0 -10.510377
1480.0 -10.504263
1490.0 -10.498149
1500.0 -10.492034
1510.0 -10.485907
1520.0 -10.479632
1530.0 -10.473254
1540.0 -10.466538
1550.0 -10.459822
1560.0 -10.453106
1570.0 -10.44639
1580.0 -10.439673
1590.0 -10.433046
1600.0 -10.428378
1610.0 -10.42407
1620.0 -10.419761
1630.0 -10.415452
1640.0 -10.411144
1650.0 -10.406836
1660.0 -10.402527
1670.0 -10.398218
1680.0 -10.3939085
1690.0 -10.389602
1700.0 -10.385292
1710.0 -10.380984
1720.0 -10.376675
1730.0 -10.372366
1740.0 -10.368058
1750.0 -10.3637495
1760.0 -10.359441
1770.0 -10.355132
1780.0 -10.350823
1790.0 -10.346515
1800.0 -10.342206
1810.0 -10.337897
1820.0 -10.33359
1830.0 -10.329281
1840.0 -10.324972
1850.0 -10.320664
1860.0 -10.316356
1870.0 -10.312047
1880.0 -10.307738
1890.0 -10.303429
1900.0 -10.299121
1910.0 -10.294813
1920.0 -10.2905035
1930.0 -10.286195
1940.0 -10.281886
1950.0 -10.277577
1960.0 -10.273269
1970.0 -10.268961
1980.0 -10.264652
1990.0 -10.260344
2000.0 -10.256035
2010.0 -10.251726
2020.0 -10.247417
2030.0 -10.243108
2040.0 -10.238801
2050.0 -10.234492
2060.0 -10.230184
2070.0 -10.225875
2080.0 -10.221566
2090.0 -10.2172575
2100.0 -10.212949
2110.0 -10.208641
2120.0 -10.204331
2130.0 -10.200023
2140.0 -10.195715
2150.0 -10.191406
2160.0 -10.187097
2170.0 -10.182789
2180.0 -10.178479
2190.0 -10.174842
2200.0 -10.171654
2210.0 -10.168468
2220.0 -10.165281
2230.0 -10.162094
2240.0 -10.158906
2250.0 -10.155719
2260.0 -10.152533
2270.0 -10.149345
2280.0 -10.146159
2290.0 -10.142971
2300.0 -10.139785
2310.0 -10.136598
2320.0 -10.13341
2330.0 -10.130223
2340.0 -10.127037
2350.0 -10.123849
2360.0 -10.120662
2370.0 -10.1174755
2380.0 -10.114288
2390.0 -10.111101
2400.0 -10.107915
2410.0 -10.104728
2420.0 -10.101541
2430.0 -10.098353
2440.0 -10.095166
2450.0 -10.091979
2460.0 -10.088792
2470.0 -10.085605
2480.0 -10.0824175
2490.0 -10.07923
