300.0 -12.236038
303.0 -12.218232
306.0 -12.200427
309.0 -12.182622
312.0 -12.164817
315.0 -12.149776
318.0 -12.137572
321.0 -12.129131
324.0 -12.120689
327.0 -12.112248
330.0 -12.1038065
333.0 -12.095815
336.0 -12.088271
339.0 -12.080728
342.0 -12.073184
345.0 -12.065641
348.0 -12.058098
351.0 -12.050555
354.0 -12.04301
357.0 -12.035468
360.0 -12.027926
363.0 -12.020382
366.0 -12.012838
369.0 -12.005296
372.0 -11.997752
375.0 -11.990209
378.0 -11.982665
381.0 -11.9751215
384.0 -11.96758
387.0 -11.960034
390.0 -11.952493
393.0 -11.944949
396.0 -11.937406
399.0 -11.929863
402.0 -11.92232
405.0 -11.914776
408.0 -11.907232
411.0 -11.89969
414.0 -11.892147
417.0 -11.884603
420.0 -11.87706
423.0 -11.869517
426.0 -11.861974
429.0 -11.85443
432.0 -11.84747
435.0 -11.841766
438.0 -11.8360615
441.0 -11.8303585
444.0 -11.824618
447.0 -11.81848
450.0 -11.81234
453.0 -11.8062
456.0 -11.80006
459.0 -11.79392
462.0 -11.78778
465.0 -11.781641
468.0 -11.775018
471.0 -11.7683
474.0 -11.761582
477.0 -11.754867
480.0 -11.748149
483.0 -11.741432
486.0 -11.7347145
489.0 -11.727997
492.0 -11.721281
495.0 -11.714563
498.0 -11.707845
501.0 -11.701128
504.0 -11.694411
507.0 -11.687695
510.0 -11.680977
513.0 -11.67426
516.0 -11.667542
519.0 -11.660825
522.0 -11.65372
525.0 -11.646452
528.0 -11.639184
531.0 -11.631917
534.0 -11.624649
537.0 -11.617381
540.0 -11.610114
543.0 -11.602887
546.0 -11.595704
549.0 -11.588485
552.0 -11.580968
555.0 -11.57345
558.0 -11.565934
561.0 -11.558415
564.0 -11.550899
567.0 -11.543381
570.0 -11.535863
573.0 -11.528346
576.0 -11.520827
579.0 -11.51331
582.0 -11.505792
585.0 -11.498275
588.0 -11.490758
591.0 -11.483239
594.0 -11.475722
597.0 -11.468205
600.0 -11.460687
603.0 -11.453015
606.0 -11.445315
609.0 -11.440216
612.0 -11.435575
615.0 -11.430934
618.0 -11.426294
621.0 -11.422301
624.0 -11.418342
627.0 -11.41438
630.0 -11.410421
633.0 -11.406461
636.0 -11.402501
639.0 -11.398541
642.0 -11.39458
645.0 -11.39062
648.0 -11.386661
651.0 -11.382701
654.0 -11.37874
657.0 -11.37478
660.0 -11.37082
663.0 -11.36686
666.0 -11.3629
669.0 -11.358939
672.0 -11.3549795
675.0 -11.35102
678.0 -11.347058
681.0 -11.3431
684.0 -11.339139
687.0 -11.335179
690.0 -11.33122
693.0 -11.327258
696.0 -11.323299
699.0 -11.319339
702.0 -11.315379
705.0 -11.3114195
708.0 -11.307458
711.0 -11.303499
714.0 -11.299539
717.0 -11.295578
720.0 -11.291618
723.0 -11.287658
726.0 -11.283698
729.0 -11.279738
732.0 -11.275778
735.0 -11.271818
738.0 -11.2678585
741.0 -11.263898
744.0 -11.259937
747.0 -11.255978
750.0 -11.252017
753.0 -11.248057
756.0 -11.244096
759.0 -11.240136
762.0 -11.236177
765.0 -11.232217
768.0 -11.228257
771.0 -11.224297
774.0 -11.220337
777.0 -11.216376
780.0 -11.212417
783.0 -11.208457
786.0 -11.204768
789.0 -11.201182
792.0 -11.197595
795.0 -11.194009
798.0 -11.190422
800.0 -11.188031
810.0 -11.176076
820.0 -11.164121
830.0 -11.152165
840.0 -11.140209
850.0 -11.128255
860.0 -11.1163
870.0 -11.104343
880.0 -11.092389
890.0 -11.080433
900.0 -11.068478
910.0 -11.057483
920.0 -11.047452
930.0 -11.037421
940.0 -11.0273905
950.0 -11.017362
960.0 -11.007331
970.0 -10.9973
980.0 -10.987269
990.0 -10.977239
1000.0 -10.967208
1010.0 -10.957177
1020.0 -10.947146
1030.0 -10.937114
1040.0 -10.927044
1050.0 -10.916974
1060.0 -10.906903
1070.0 -10.896834
1080.0 -10.886763
1090.0 -10.876693
1100.0 -10.866623
1110.0 -10.857886
1120.0 -10.849267
1130.0 -10.840649
1140.0 -10.83203
1150.0 -10.823411
1160.0 -10.814792
1170.0 -10.806173
1180.0 -10.797555
1190.0 -10.788936
1200.0 -10.780317
1210.0 -10.771698
1220.0 -10.764638
1230.0 -10.758299
1240.0 -10.75196
1250.0 -10.745622
1260.0 -10.739282
1270.0 -10.732944
1280.0 -10.726605
1290.0 -10.720265
1300.0 -10.713927
1310.0 -10.707589
1320.0 -10.701249
1330.0 -10.694911
1340.0 -10.688991
1350.0 -10.68396
1360.0 -10.678929
1370.0 -10.673898
1380.0 -10.668867
1390.0 -10.6638365
1400.0 -10.658262
1410.0 -10.652112
1420.0 -10.645961
1430.0 -10.621919
1440.0 -10.584104
1450.0 -10.546287
1460.0 -10.509968
1470.0 -10.50828
1480.0 -10.506593
1490.0 -10.504906
1500.0 -10.503219
1510.0 -10.501531
1520.0 -10.499844
1530.0 -10.498157
1540.0 -10.496469
1550.0 -10.4947815
1560.0 -10.493094
1570.0 -10.491406
1580.0 -10.48972
1590.0 -10.488032
1600.0 -10.486344
1610.0 -10.484657
1620.0 -10.482971
1630.0 -10.481283
1640.0 -10.479595
1650.0 -10.477908
1660.0 -10.47622
1670.0 -10.474534
1680.0 -10.472845
1690.0 -10.471158
1700.0 -10.469471
1710.0 -10.467784
1720.0 -10.466097
1730.0 -10.46452
1740.0 -10.463601
1750.0 -10.462682
1760.0 -10.461762
1770.0 -10.460842
1780.0 -10.459924
1790.0 -10.459004
1800.0 -10.458085
1810.0 -10.457166
1820.0 -10.4560585
1830.0 -10.454933
1840.0 -10.45381
1850.0 -10.452685
1860.0 -10.45156
1870.0 -10.450437
1880.0 -10.449311
1890.0 -10.448188
1900.0 -10.4470625
1910.0 -10.445938
1920.0 -10.444813
1930.0 -10.443688
1940.0 -10.442563
1950.0 -10.441439
1960.0 -10.440314
1970.0 -10.439191
1980.0 -10.438066
1990.0 -10.436941
2000.0 -10.435817
2010.0 -10.434691
2020.0 -10.433566
2030.0 -10.432443
2040.0 -10.431317
2050.0 -10.430193
2060.0 -10.429069
2070.0 -10.427945
2080.0 -10.42682
2090.0 -10.425694
2100.0 -10.424571
2110.0 -10.423446
2120.0 -10.422321
2130.0 -10.421197
2140.0 -10.4200735
2150.0 -10.418947
2160.0 -10.417823
2170.0 -10.416698
2180.0 -10.415574
2190.0 -10.414449
2200.0 -10.413324
2210.0 -10.4122
2220.0 -10.411076
2230.0 -10.40995
2240.0 -10.408828
2250.0 -10.4077015
2260.0 -10.406577
2270.0 -10.405453
2280.0 -10.404327
2290.0 -10.403203
2300.0 -10.402079
2310.0 -10.400954
2320.0 -10.399829
2330.0 -10.398705
2340.0 -10.39758
2350.0 -10.396456
2360.0 -10.395331
2370.0 -10.394206
2380.0 -10.393082
2390.0 -10.391957
2400.0 -10.390834
2410.0 -10.3897085
2420.0 -10.388584
2430.0 -10.387461
2440.0 -10.386334
2450.0 -10.38521
2460.0 -10.384086
2470.0 -10.38296
2480.0 -10.381836
2490.0 -10.380712
