temperature   1(scheme2)   2    3    4    scheme3   scheme4   scheme5   
300.0 -11.6999655 -12.334558 -12.277039 -12.236038 -12.103854166666666 -12.136900125 -12.071014166666666
303.0 -11.690534 -12.336714 -12.245717 -12.218232 -12.090988333333334 -12.12279925 -12.051494333333332
306.0 -11.681102 -12.338495 -12.21132 -12.200427 -12.076972333333332 -12.107835999999999 -12.030949666666666
309.0 -11.672078 -12.340134 -12.1768875 -12.182622 -12.063033166666665 -12.092930375 -12.010529166666666
312.0 -11.670085 -12.341772 -12.142455 -12.164817 -12.051437333333332 -12.07978225 -11.992452333333333
315.0 -11.668092 -12.343411 -12.108025 -12.149776 -12.039842666666665 -12.067325999999998 -11.975297666666668
318.0 -11.666099 -12.345027 -12.078371 -12.137572 -12.029832333333333 -12.05676725 -11.960680666666667
321.0 -11.664105 -12.346481 -12.053077 -12.129131 -12.021220999999999 -12.0481985 -11.948771
324.0 -11.662112 -12.34739 -12.02736 -12.120689 -12.012287333333333 -12.03938775 -11.936720333333334
327.0 -11.660119 -12.347437 -12.000782 -12.112248 -12.002779333333335 -12.0301465 -11.924382999999999
330.0 -11.658137 -12.347485 -11.983212 -12.1038065 -11.996278000000002 -12.023160125 -11.915051833333331
333.0 -11.656159 -12.34753 -11.968598 -12.095815 -11.990762333333334 -12.0170255 -11.906857333333335
336.0 -11.6541815 -12.3467 -11.953799 -12.088271 -11.984893499999998 -12.010737874999998 -11.8987505
339.0 -11.6522045 -12.3458 -11.937951 -12.080728 -11.978651833333332 -12.004170875 -11.890294500000001
342.0 -11.650227 -12.344901 -11.922102 -12.073184 -11.972410000000002 -11.9976035 -11.881837666666668
345.0 -11.64825 -12.343892 -11.906251 -12.065641 -11.966130999999999 -11.9910085 -11.873380666666668
348.0 -11.646059 -12.3433075 -11.891894 -12.058098 -11.960420166666665 -11.984839625 -11.865350333333334
351.0 -11.642987 -12.340391 -11.877635 -12.050555 -11.953671 -11.977892 -11.857059
354.0 -11.6399145 -12.334648 -11.863296 -12.04301 -11.945952833333331 -11.970217125 -11.848740166666667
357.0 -11.636842 -12.327834 -11.848956 -12.035468 -11.937877333333333 -11.962275 -11.840421999999998
360.0 -11.633595 -12.318922 -11.834617 -12.027926 -11.929044666666668 -11.953765 -11.832046
363.0 -11.629803 -12.308077 -11.820277 -12.020382 -11.919385666666665 -11.944634749999999 -11.823487333333333
366.0 -11.62601 -12.297165 -11.805937 -12.012838 -11.909704 -11.9354875 -11.814928333333334
369.0 -11.621915 -12.286255 -11.791596 -12.005296 -11.899921999999998 -11.9262655 -11.806269
372.0 -11.617586 -12.275343 -11.777257 -11.997752 -11.890062 -11.9169845 -11.797531666666666
375.0 -11.613257 -12.265418 -11.7629175 -11.990209 -11.880530833333333 -11.907950375 -11.7887945
378.0 -11.608928 -12.2550335 -11.748578 -11.982665 -11.8708465 -11.898801125000002 -11.780057
381.0 -11.604599 -12.244649 -11.734238 -11.9751215 -11.861162 -11.889651875 -11.771319499999999
384.0 -11.600269 -12.234272 -11.719899 -11.96758 -11.85148 -11.880505 -11.762582666666667
387.0 -11.595941 -12.223919 -11.705558 -11.960034 -11.841806 -11.871363 -11.753844333333333
390.0 -11.591611 -12.213564 -11.691218 -11.952493 -11.832130999999999 -11.8622215 -11.745107333333332
393.0 -11.587282 -12.202837 -11.676879 -11.944949 -11.822332666666668 -11.852986750000001 -11.73637
396.0 -11.5829525 -12.191932 -11.6625395 -11.937406 -11.812474666666667 -11.8437075 -11.727632666666665
399.0 -11.578624 -12.181028 -11.648199 -11.929863 -11.802617 -11.8344285 -11.718895333333334
402.0 -11.574294 -12.170124 -11.638341 -11.92232 -11.794253 -11.82626975 -11.711651666666667
405.0 -11.569989 -12.15922 -11.629482 -11.914776 -11.78623033333333 -11.81836675 -11.704749
408.0 -11.566164 -12.148081 -11.623082 -11.907232 -11.779109 -11.81113975 -11.698826000000002
411.0 -11.562339 -12.13675 -11.618751 -11.89969 -11.772613333333334 -11.804382500000001 -11.693593333333332
414.0 -11.558513 -12.12542 -11.61442 -11.892147 -11.766117666666666 -11.797625 -11.688360000000001
417.0 -11.554687 -12.114088 -11.610088 -11.884603 -11.759621000000001 -11.7908665 -11.683126
420.0 -11.550861 -12.102757 -11.605757 -11.87706 -11.753125000000002 -11.784108750000001 -11.677892666666667
423.0 -11.547036 -12.091426 -11.601425 -11.869517 -11.746629 -11.777351000000001 -11.672659333333334
426.0 -11.54321 -12.079628 -11.597095 -11.861974 -11.739977666666666 -11.77047675 -11.667426333333333
429.0 -11.539385 -12.067679 -11.592762 -11.85443 -11.733275333333333 -11.763564 -11.662192333333332
432.0 -11.535559 -12.057114 -11.588429 -11.84747 -11.727033999999998 -11.757143 -11.657152666666667
435.0 -11.5317135 -12.047949 -11.5841 -11.841766 -11.721254166666666 -11.751382125 -11.6525265
438.0 -11.527986 -12.038783 -11.579768 -11.8360615 -11.715512333333335 -11.745649625 -11.6479385
441.0 -11.524259 -12.029618 -11.575437 -11.8303585 -11.709771333333334 -11.739918125 -11.643351500000001
444.0 -11.520531 -12.020454 -11.571105 -11.824618 -11.704029999999998 -11.734176999999999 -11.638751333333333
447.0 -11.516803 -12.01129 -11.566773 -11.81848 -11.698288666666665 -11.7283365 -11.634018666666668
450.0 -11.513076 -12.002125 -11.562442 -11.81234 -11.692547666666664 -11.722495749999998 -11.629286
453.0 -11.509348 -11.992959 -11.55811 -11.8062 -11.686805666666666 -11.716654250000001 -11.624552666666666
456.0 -11.50562 -11.983795 -11.553779 -11.80006 -11.681064666666666 -11.7108135 -11.619819666666666
459.0 -11.501893 -11.974629 -11.549447 -11.79392 -11.675323 -11.70497225 -11.615086666666668
462.0 -11.498165 -11.965465 -11.545115 -11.78778 -11.669581666666668 -11.69913125 -11.610353333333334
465.0 -11.494437 -11.956301 -11.540341 -11.781641 -11.663693 -11.69318 -11.605472999999998
468.0 -11.49071 -11.947136 -11.534383 -11.775018 -11.657409666666666 -11.68681175 -11.600037
471.0 -11.486982 -11.93797 -11.528421 -11.7683 -11.651124333333334 -11.680418249999999 -11.594567666666668
474.0 -11.483254 -11.928806 -11.522462 -11.761582 -11.644840666666667 -11.674026000000001 -11.589099333333332
477.0 -11.4795265 -11.9196415 -11.516261 -11.754867 -11.638476333333335 -11.667574000000002 -11.583551499999999
480.0 -11.4758 -11.909996 -11.507413 -11.748149 -11.631069666666667 -11.6603395 -11.577120666666666
483.0 -11.471991 -11.900774 -11.495513 -11.741432 -11.622759333333335 -11.652427500000002 -11.569645333333332
486.0 -11.467864 -11.891552 -11.483612 -11.7347145 -11.614342666666667 -11.644435625000002 -11.5620635
489.0 -11.463737 -11.88233 -11.471711 -11.727997 -11.605925999999998 -11.63644375 -11.554481666666668
492.0 -11.459611 -11.873109 -11.465686 -11.721281 -11.599468666666667 -11.62992175 -11.548859333333333
495.0 -11.455485 -11.863888 -11.461015 -11.714563 -11.593462666666667 -11.62373775 -11.543687666666665
498.0 -11.45136 -11.854666 -11.456344 -11.707845 -11.587456666666666 -11.617553749999999 -11.538516333333334
501.0 -11.447234 -11.845444 -11.451673 -11.701128 -11.581450333333335 -11.611369750000001 -11.533345000000002
504.0 -11.443107 -11.836223 -11.445534 -11.694411 -11.574954666666669 -11.604818750000002 -11.527684
507.0 -11.438981 -11.827002 -11.439081 -11.687695 -11.568354666666666 -11.59818975 -11.521918999999999
510.0 -11.434855 -11.81778 -11.435456 -11.680977 -11.562697 -11.592267 -11.517096
513.0 -11.430631 -11.8085575 -11.432437 -11.67426 -11.5572085 -11.586471374999999 -11.512442666666667
516.0 -11.4255705 -11.799336 -11.429418 -11.667542 -11.551441500000001 -11.580466625 -11.507510166666664
519.0 -11.419845 -11.790113 -11.426397 -11.660825 -11.545451666666667 -11.574295000000001 -11.502355666666666
522.0 -11.413718 -11.780893 -11.423378 -11.65372 -11.539329666666667 -11.56792725 -11.496938666666665
525.0 -11.407591 -11.77167 -11.420358 -11.646452 -11.533206333333334 -11.56151775 -11.491467
528.0 -11.4014635 -11.762449 -11.417338 -11.639184 -11.527083500000002 -11.555108625 -11.485995166666667
531.0 -11.395337 -11.753227 -11.414319 -11.631917 -11.520961 -11.5487 -11.480524333333333
534.0 -11.389211 -11.744006 -11.411233 -11.624649 -11.514816666666666 -11.542274749999999 -11.475031
537.0 -11.383083 -11.734784 -11.408051 -11.617381 -11.508639333333333 -11.53582475 -11.469505
540.0 -11.376956 -11.725561 -11.404867 -11.610114 -11.502461333333335 -11.5293745 -11.463979
543.0 -11.370801 -11.716341 -11.401685 -11.602887 -11.496275666666667 -11.5229285 -11.458457666666668
546.0 -11.36452 -11.707119 -11.398501 -11.595704 -11.490046666666666 -11.516461 -11.452908333333333
549.0 -11.358241 -11.702914 -11.39532 -11.588485 -11.485491666666666 -11.511239999999999 -11.447348666666665
552.0 -11.35196 -11.699265 -11.392137 -11.580968 -11.481120666666667 -11.5060825 -11.441688333333333
555.0 -11.345679 -11.695872 -11.388954 -11.57345 -11.476835 -11.50098875 -11.436027666666668
558.0 -11.339399 -11.692669 -11.385772 -11.565934 -11.472613333333333 -11.4959435 -11.430368333333334
561.0 -11.333119 -11.6894655 -11.382588 -11.558415 -11.468390833333332 -11.490896875 -11.424707333333336
564.0 -11.3268385 -11.686261 -11.379406 -11.550899 -11.4641685 -11.485851125 -11.419047833333332
567.0 -11.320558 -11.683058 -11.376224 -11.543381 -11.459946666666667 -11.48080525 -11.413387666666665
570.0 -11.314278 -11.679853 -11.373041 -11.535863 -11.455723999999998 -11.475758749999999 -11.407727333333334
573.0 -11.307998 -11.676651 -11.369859 -11.528346 -11.451502666666665 -11.470713499999999 -11.402067666666667
576.0 -11.301718 -11.673447 -11.366676 -11.520827 -11.447280333333332 -11.465667 -11.396407000000002
579.0 -11.295437 -11.670243 -11.363494 -11.51331 -11.443057999999999 -11.460621 -11.390747
582.0 -11.289157 -11.66704 -11.360311 -11.505792 -11.438836 -11.455575 -11.385086666666666
585.0 -11.282876 -11.663836 -11.357128 -11.498275 -11.434613333333331 -11.450528749999998 -11.379426333333333
588.0 -11.276595 -11.660633 -11.353946 -11.490758 -11.430391333333333 -11.445483 -11.373766333333334
591.0 -11.270315 -11.657428 -11.350762 -11.483239 -11.426168333333331 -11.440435999999998 -11.368105333333332
594.0 -11.264034 -11.654224 -11.34758 -11.475722 -11.421946 -11.43539 -11.362445333333334
597.0 -11.258725 -11.651021 -11.344398 -11.468205 -11.418047999999999 -11.430587249999999 -11.357109333333334
600.0 -11.25368 -11.647817 -11.341215 -11.460687 -11.414237333333332 -11.42584975 -11.351860666666667
603.0 -11.248636 -11.644613 -11.338033 -11.453015 -11.410427333333331 -11.421074249999998 -11.346561333333334
606.0 -11.243591 -11.64141 -11.33485 -11.445315 -11.406617000000002 -11.416291500000002 -11.341251999999999
609.0 -11.238547 -11.6382065 -11.331667 -11.440216 -11.402806833333335 -11.412159125 -11.33681
612.0 -11.233502 -11.635002 -11.328485 -11.435575 -11.398996333333335 -11.408141 -11.332520666666667
615.0 -11.228458 -11.631798 -11.325302 -11.430934 -11.395186 -11.404123 -11.328231333333335
618.0 -11.223413 -11.628595 -11.32212 -11.426294 -11.391376000000001 -11.4001055 -11.323942333333333
621.0 -11.2183695 -11.625392 -11.318936 -11.422301 -11.387565833333333 -11.396249625 -11.319868833333333
624.0 -11.213325 -11.622694 -11.315755 -11.418342 -11.383924666666667 -11.392529000000001 -11.315807333333334
627.0 -11.208281 -11.620043 -11.312572 -11.41438 -11.380298666666667 -11.388819 -11.311744333333332
630.0 -11.203236 -11.61739 -11.309388 -11.410421 -11.376671333333334 -11.38510875 -11.307681666666667
633.0 -11.198191 -11.614738 -11.305928 -11.406461 -11.372952333333332 -11.3813295 -11.303526666666665
636.0 -11.193147 -11.612087 -11.301823 -11.402501 -11.369019 -11.3773895 -11.299157000000001
639.0 -11.188102 -11.609436 -11.297717 -11.398541 -11.365085 -11.373449 -11.294786666666667
642.0 -11.183058 -11.606783 -11.293612 -11.39458 -11.361151000000001 -11.36950825 -11.290416666666665
645.0 -11.178014 -11.604132 -11.289507 -11.39062 -11.357217666666665 -11.365568249999999 -11.286046999999998
648.0 -11.172969 -11.6014805 -11.285401 -11.386661 -11.353283499999998 -11.361627875 -11.281677000000002
651.0 -11.167924 -11.598828 -11.281296 -11.382701 -11.34934933333333 -11.357687249999998 -11.277306999999999
654.0 -11.162881 -11.596176 -11.27719 -11.37874 -11.345415666666666 -11.353746749999999 -11.272936999999999
657.0 -11.157836 -11.593524 -11.273085 -11.37478 -11.341481666666667 -11.34980625 -11.268567
660.0 -11.152791 -11.590874 -11.268979 -11.37082 -11.337548 -11.345866000000001 -11.264196666666669
663.0 -11.147746 -11.588222 -11.264874 -11.36686 -11.333613999999999 -11.3419255 -11.259826666666667
666.0 -11.142703 -11.585569 -11.260769 -11.3629 -11.329680333333334 -11.33798525 -11.255457333333334
669.0 -11.137658 -11.582918 -11.256663 -11.358939 -11.325746333333333 -11.3340445 -11.251086666666666
672.0 -11.132613 -11.580267 -11.252558 -11.3549795 -11.321812666666666 -11.330104375 -11.246716833333332
675.0 -11.127568 -11.577616 -11.248452 -11.35102 -11.317878666666667 -11.326164 -11.242346666666668
678.0 -11.122524 -11.574964 -11.244347 -11.347058 -11.313944999999999 -11.32222325 -11.237976333333334
681.0 -11.11748 -11.572311 -11.240242 -11.3431 -11.310011000000001 -11.31828325 -11.233607333333334
684.0 -11.112435 -11.56966 -11.236136 -11.339139 -11.306077 -11.314342499999999 -11.229236666666665
687.0 -11.107843 -11.567008 -11.232031 -11.335179 -11.302293999999998 -11.310515249999998 -11.225017666666668
690.0 -11.104884 -11.564356 -11.227925 -11.33122 -11.299055000000001 -11.30709625 -11.221343
693.0 -11.101924 -11.561705 -11.223821 -11.327258 -11.295816666666667 -11.303677 -11.217667666666665
696.0 -11.098966 -11.559053 -11.218792 -11.323299 -11.292270333333335 -11.3000275 -11.213685666666668
699.0 -11.096005 -11.556401 -11.213581 -11.319339 -11.288662333333333 -11.296331499999999 -11.209641666666665
702.0 -11.093046 -11.553749 -11.209136 -11.315379 -11.285310333333333 -11.2928275 -11.205853666666668
705.0 -11.090086 -11.551098 -11.206772 -11.3114195 -11.282651999999999 -11.289843874999999 -11.202759166666667
708.0 -11.087127 -11.548447 -11.203597 -11.307458 -11.279723666666667 -11.286657250000001 -11.199394
711.0 -11.084168 -11.545794 -11.200424 -11.303499 -11.276795333333332 -11.28347125 -11.196030333333333
714.0 -11.081208 -11.543143 -11.197249 -11.299539 -11.273866666666668 -11.28028475 -11.192665333333332
717.0 -11.078249 -11.540491 -11.193537 -11.295578 -11.270758999999998 -11.276963749999998 -11.189121333333333
720.0 -11.07529 -11.53784 -11.189521 -11.291618 -11.267550333333332 -11.27356725 -11.185476333333334
723.0 -11.0723295 -11.535189 -11.185505 -11.287658 -11.264341166666668 -11.270170375000001 -11.181830833333334
726.0 -11.069371 -11.5325365 -11.181488 -11.283698 -11.261131833333335 -11.266773375000001 -11.178185666666666
729.0 -11.066411 -11.529949 -11.177473 -11.279738 -11.257944333333334 -11.263392750000001 -11.174540666666667
732.0 -11.063452 -11.527495 -11.173456 -11.275778 -11.254801 -11.260045250000001 -11.170895333333334
735.0 -11.0604925 -11.525042 -11.16944 -11.271818 -11.251658166666667 -11.256698125 -11.167250166666667
738.0 -11.057532 -11.522587 -11.165424 -11.2678585 -11.248514333333333 -11.253350375 -11.163604833333332
741.0 -11.054574 -11.520132 -11.16059 -11.263898 -11.245098666666665 -11.249798499999999 -11.159687333333332
744.0 -11.051614 -11.517654 -11.155498 -11.259937 -11.241588666666667 -11.24617575 -11.155683000000002
747.0 -11.048654 -11.51518 -11.150404 -11.255978 -11.238079333333333 -11.242554 -11.151678666666667
750.0 -11.045694 -11.512703 -11.14531 -11.252017 -11.234569 -11.238931000000001 -11.147673666666668
753.0 -11.042735 -11.510227 -11.140218 -11.248057 -11.23106 -11.23530925 -11.14367
756.0 -11.039775 -11.507751 -11.135125 -11.244096 -11.227550333333333 -11.23168675 -11.139665333333333
759.0 -11.036817 -11.505276 -11.130033 -11.240136 -11.224041999999999 -11.2280655 -11.135661999999998
762.0 -11.034017 -11.502798 -11.124938 -11.236177 -11.220584333333335 -11.2244825 -11.131710666666665
765.0 -11.031299 -11.500323 -11.119845 -11.232217 -11.217155666666665 -11.220920999999999 -11.127787
768.0 -11.028581 -11.497847 -11.114752 -11.228257 -11.213726666666668 -11.217359250000001 -11.123863333333333
771.0 -11.025863 -11.49537 -11.109385 -11.224297 -11.210206 -11.21372875 -11.119848333333332
774.0 -11.023144 -11.492893 -11.103656 -11.220337 -11.206564333333333 -11.2100075 -11.115712333333335
777.0 -11.020425 -11.490418 -11.097388 -11.216376 -11.202743666666668 -11.20615175 -11.111396333333332
780.0 -11.017707 -11.487942 -11.091387 -11.212417 -11.199011999999998 -11.20236325 -11.107170333333334
783.0 -11.014989 -11.485466 -11.085388 -11.208457 -11.195281000000001 -11.198575000000002 -11.102944666666668
786.0 -11.012271 -11.482989 -11.079388 -11.204768 -11.191549333333334 -11.194854000000001 -11.098809000000001
789.0 -11.009553 -11.480513 -11.075062 -11.201182 -11.188376 -11.191577500000001 -11.095265666666668
792.0 -11.006834 -11.477798 -11.073146 -11.197595 -11.185926 -11.18884325 -11.092525
795.0 -11.004115 -11.474997 -11.071229 -11.194009 -11.183447000000001 -11.186087500000001 -11.089784333333334
798.0 -11.001397 -11.472198 -11.069312 -11.190422 -11.180969 -11.18333225 -11.087043666666666
800.0 -10.999585 -11.470329 -11.068034 -11.188031 -11.179316 -11.18149475 -11.085216666666668
810.0 -10.990524 -11.459824 -11.061212 -11.176076 -11.170519999999998 -11.171909 -11.075937333333334
820.0 -10.9814625 -11.450504 -11.0532465 -11.164121 -11.161737666666667 -11.1623335 -11.066276666666667
830.0 -10.972402 -11.43932 -11.045203 -11.152165 -11.152308333333332 -11.152272499999999 -11.05659
840.0 -10.963341 -11.428135 -11.03716 -11.140209 -11.142878666666666 -11.142211249999999 -11.046903333333333
850.0 -10.95644 -11.416952 -11.029117 -11.128255 -11.134169666666667 -11.132691000000001 -11.037937333333332
860.0 -10.951522 -11.4057665 -11.021072 -11.1163 -11.126120166666666 -11.123665125 -11.029631333333334
870.0 -10.946604 -11.394582 -11.013028 -11.104343 -11.118071333333333 -11.11463925 -11.021325
880.0 -10.94135 -11.383398 -11.004986 -11.092389 -11.109911333333335 -11.10553075 -11.012908333333334
890.0 -10.934831 -11.370649 -10.996942 -11.080433 -11.100807333333336 -11.095713750000002 -11.004068666666667
900.0 -10.927765 -11.362135 -10.988898 -11.068478 -11.092932666666668 -11.086819 -10.995047
910.0 -10.9205265 -11.3565645 -10.980843 -11.057483 -11.085977999999999 -11.07885425 -10.986284166666666
920.0 -10.913288 -11.350994 -10.972432 -11.047452 -11.078904666666666 -11.0710415 -10.977724
930.0 -10.906049 -11.345424 -10.964021 -11.037421 -11.071831333333334 -11.06322875 -10.969163666666667
940.0 -10.89881 -11.339853 -10.95561 -11.0273905 -11.064757666666665 -11.055415874999998 -10.9606035
950.0 -10.890802 -11.334283 -10.947316 -11.017362 -11.057467 -11.04744075 -10.951826666666667
960.0 -10.878964 -11.328712 -10.939068 -11.007331 -11.048914666666667 -11.03851875 -10.941787666666668
970.0 -10.867127 -11.321775 -10.930818 -10.9973 -11.039906666666667 -11.029255 -10.931748333333331
980.0 -10.859946 -11.314752 -10.922568 -10.987269 -11.032421999999999 -11.021133749999999 -10.923260999999998
990.0 -10.854797 -11.307727 -10.914319 -10.977239 -11.025614333333332 -11.013520499999998 -10.915451666666668
1000.0 -10.848269 -11.300703 -10.906072 -10.967208 -11.018348000000001 -11.005563 -10.907182999999998
1010.0 -10.841384 -11.293678 -10.897823 -10.957177 -11.010961666666667 -10.9975155 -10.898794666666667
1020.0 -10.834067 -11.286654 -10.889577 -10.947146 -11.003432666666667 -10.989360999999999 -10.890263333333332
1030.0 -10.826749 -11.279629 -10.88133 -10.937114 -10.995902666666666 -10.9812055 -10.881731
1040.0 -10.81943 -11.272604 -10.873082 -10.927044 -10.988371999999998 -10.97304 -10.873185333333334
1050.0 -10.8105135 -11.26558 -10.864835 -10.916974 -10.980309499999999 -10.964475624999999 -10.864107499999998
1060.0 -10.800597 -11.258556 -10.856587 -10.906903 -10.971913333333333 -10.95566075 -10.854695666666666
1070.0 -10.789923 -11.251532 -10.84834 -10.896834 -10.963265 -10.94665725 -10.845032333333334
1080.0 -10.779248 -11.244507 -10.840636 -10.886763 -10.954797 -10.9377885 -10.835549
1090.0 -10.768574 -11.237858 -10.833175 -10.876693 -10.946535666666668 -10.929075000000001 -10.826147333333333
1100.0 -10.757899 -11.231756 -10.824434 -10.866623 -10.938029666666665 -10.920178 -10.816318666666666
1110.0 -10.747226 -11.225653 -10.815694 -10.857886 -10.929524333333333 -10.91161475 -10.806935333333334
1120.0 -10.73655 -11.219551 -10.806952 -10.849267 -10.921017666666666 -10.90308 -10.797589666666667
1130.0 -10.725876 -11.2134495 -10.798211 -10.840649 -10.912512166666666 -10.894546375 -10.788245333333334
1140.0 -10.716995 -11.207348 -10.78947 -10.83203 -10.904604333333333 -10.886460750000001 -10.779498333333331
1150.0 -10.70864 -11.201244 -10.780729 -10.823411 -10.896870999999999 -10.878506 -10.770926666666668
1160.0 -10.700286 -11.195143 -10.771989 -10.814792 -10.889139333333333 -10.870552499999999 -10.762355666666666
1170.0 -10.69193 -11.189041 -10.763248 -10.806173 -10.881406333333333 -10.862598 -10.753783666666665
1180.0 -10.683576 -11.182939 -10.754526 -10.797555 -10.873680333333333 -10.854648999999998 -10.745219
1190.0 -10.675221 -11.176838 -10.745805 -10.788936 -10.865954666666667 -10.8467 -10.736654000000001
1200.0 -10.667015 -11.170734 -10.737085 -10.780317 -10.858277999999999 -10.838787749999998 -10.728138999999999
1210.0 -10.66122 -11.164633 -10.728365 -10.771698 -10.851406000000003 -10.831479000000002 -10.720427666666666
1220.0 -10.655423 -11.158531 -10.7196455 -10.764638 -10.844533166666666 -10.824559375 -10.713235500000001
1230.0 -10.649629 -11.152429 -10.710924 -10.758299 -10.837660666666666 -10.81782025 -10.706283999999998
1240.0 -10.643832 -11.146326 -10.702205 -10.75196 -10.830787666666666 -10.811080749999999 -10.699332333333333
1250.0 -10.638037 -11.140224 -10.693484 -10.745622 -10.823915 -10.804341749999999 -10.692381
1260.0 -10.632241 -11.134004 -10.684764 -10.739282 -10.817003 -10.79757275 -10.685429
1270.0 -10.626445 -11.127609 -10.6760435 -10.732944 -10.8100325 -10.790760375000001 -10.6784775
1280.0 -10.620649 -11.1253605 -10.667323 -10.726605 -10.804444166666665 -10.784984374999999 -10.671525666666668
1290.0 -10.614854 -11.123283 -10.658603 -10.720265 -10.798913333333333 -10.77925125 -10.664574
1300.0 -10.609059 -11.120704 -10.649838 -10.713927 -10.793200333333333 -10.773382 -10.657608000000002
1310.0 -10.603263 -11.118028 -10.640681 -10.707589 -10.787324 -10.76739025 -10.650511
1320.0 -10.597467 -11.115351 -10.631525 -10.701249 -10.781447666666665 -10.761398 -10.643413666666666
1330.0 -10.591672 -11.112155 -10.62237 -10.694911 -10.775399 -10.755277 -10.636317666666665
1340.0 -10.585876 -11.108562 -10.613213 -10.688991 -10.769217 -10.7491605 -10.62936
1350.0 -10.58008 -11.104969 -10.604056 -10.68396 -10.763035 -10.74326625 -10.622698666666667
1360.0 -10.574285 -11.101376 -10.5949 -10.678929 -10.756853666666666 -10.7373725 -10.616038
1370.0 -10.568488 -11.098267 -10.585743 -10.673898 -10.750832666666668 -10.731599000000001 -10.609376333333335
1380.0 -10.562694 -11.095249 -10.576587 -10.668867 -10.744843333333336 -10.725849250000001 -10.602716000000001
1390.0 -10.556897 -11.092234 -10.567431 -10.6638365 -10.738853999999998 -10.720099625 -10.596054833333334
1400.0 -10.551103 -11.089218 -10.558274 -10.658262 -10.732864999999999 -10.71421425 -10.589213
1410.0 -10.545306 -11.086201 -10.549117 -10.652112 -10.726874666666667 -10.708184000000001 -10.582178333333333
1420.0 -10.539511 -11.083183 -10.539962 -10.645961 -10.720885333333333 -10.70215425 -10.575144666666667
1430.0 -10.533715 -11.080166 -10.530805 -10.621919 -10.714895333333333 -10.69165125 -10.562146333333333
1440.0 -10.527984 -11.07715 -10.521572 -10.584104 -10.708902 -10.677702499999999 -10.544553333333335
1450.0 -10.522281 -11.074133 -10.512625 -10.546287 -10.703012999999999 -10.663831499999999 -10.527064333333334
1460.0 -10.516492 -11.0685425 -10.503148 -10.509968 -10.696060833333334 -10.649537625 -10.509869333333333
1470.0 -10.510377 -11.061539 -10.492775 -10.50828 -10.688230333333335 -10.64324275 -10.503810666666666
1480.0 -10.504263 -11.054434 -10.481587 -10.506593 -10.680094666666667 -10.63671925 -10.497481
1490.0 -10.498149 -11.046891 -10.470685 -10.504906 -10.671908333333334 -10.63015775 -10.491246666666667
1500.0 -10.492034 -11.039349 -10.465486 -10.503219 -10.665622999999998 -10.625022 -10.486913000000001
1510.0 -10.485907 -11.031806 -10.460287 -10.501531 -10.659333333333334 -10.61988275 -10.482574999999999
1520.0 -10.479632 -11.024263 -10.4549265 -10.499844 -10.6529405 -10.614666374999999 -10.478134166666667
1530.0 -10.473254 -11.016722 -10.449536 -10.498157 -10.646504 -10.60941725 -10.473649
1540.0 -10.466538 -11.009179 -10.443714 -10.496469 -10.639810333333333 -10.603975 -10.468907
1550.0 -10.459822 -11.0016365 -10.4373 -10.4947815 -10.6329195 -10.598385 -10.463967833333335
1560.0 -10.453106 -10.9941635 -10.430884 -10.493094 -10.626051166666668 -10.592811875 -10.459028
1570.0 -10.44639 -10.986989 -10.424471 -10.491406 -10.619283333333334 -10.587314 -10.454088999999998
1580.0 -10.439673 -10.977709 -10.418056 -10.48972 -10.611812666666667 -10.5812895 -10.449149666666665
1590.0 -10.433046 -10.968428 -10.411642 -10.488032 -10.604372 -10.575287 -10.444239999999999
1600.0 -10.428378 -10.9591465 -10.405227 -10.486344 -10.597583833333333 -10.569773875 -10.439983
1610.0 -10.42407 -10.949865 -10.398812 -10.484657 -10.590915666666668 -10.564351 -10.435846333333332
1620.0 -10.419761 -10.940588 -10.392398 -10.482971 -10.584249 -10.5589295 -10.43171
1630.0 -10.415452 -10.932051 -10.3859825 -10.481283 -10.5778285 -10.553692125 -10.427572499999998
1640.0 -10.411144 -10.923929 -10.379568 -10.479595 -10.571547 -10.548559000000001 -10.423435666666666
1650.0 -10.406836 -10.915809 -10.373153 -10.477908 -10.565266000000001 -10.5434265 -10.419299
1660.0 -10.402527 -10.90769 -10.36674 -10.47622 -10.558985666666667 -10.53829425 -10.415162333333333
1670.0 -10.398218 -10.899568 -10.360326 -10.474534 -10.552704 -10.5331615 -10.411026
1680.0 -10.3939085 -10.891449 -10.3539095 -10.472845 -10.546422333333334 -10.528027999999999 -10.406887666666668
1690.0 -10.389602 -10.8833275 -10.347495 -10.471158 -10.540141499999999 -10.522895625 -10.402751666666667
1700.0 -10.385292 -10.875208 -10.341082 -10.469471 -10.533860666666667 -10.51776325 -10.398615
1710.0 -10.380984 -10.868162 -10.334666 -10.467784 -10.527937333333334 -10.512899 -10.394478
1720.0 -10.376675 -10.861222 -10.328253 -10.466097 -10.52205 -10.50806175 -10.390341666666666
1730.0 -10.372366 -10.854282 -10.321837 -10.46452 -10.516161666666667 -10.50325125 -10.386241
1740.0 -10.368058 -10.847343 -10.315423 -10.463601 -10.510274666666666 -10.49860625 -10.382360666666667
1750.0 -10.3637495 -10.8404045 -10.309009 -10.462682 -10.504387666666668 -10.49396125 -10.378480166666668
1760.0 -10.359441 -10.833467 -10.302594 -10.461762 -10.498500666666667 -10.489316 -10.374599
1770.0 -10.355132 -10.826528 -10.29618 -10.460842 -10.492613333333333 -10.4846705 -10.370717999999998
1780.0 -10.350823 -10.819588 -10.289765 -10.459924 -10.486725333333334 -10.480025000000001 -10.366837333333335
1790.0 -10.346515 -10.812649 -10.28335 -10.459004 -10.480838 -10.4753795 -10.362956333333335
1800.0 -10.342206 -10.805711 -10.276937 -10.458085 -10.474951333333333 -10.47073475 -10.359076
1810.0 -10.337897 -10.798771 -10.270521 -10.457166 -10.469063 -10.46608875 -10.355194666666668
1820.0 -10.33359 -10.791832 -10.264107 -10.4560585 -10.463176333333333 -10.461396875 -10.35125183333333
1830.0 -10.329281 -10.784894 -10.257691 -10.454933 -10.457288666666665 -10.456699749999999 -10.347301666666667
1840.0 -10.324972 -10.777954 -10.251277 -10.45381 -10.451400999999999 -10.45200325 -10.343353
1850.0 -10.320664 -10.771015 -10.244863 -10.452685 -10.445514000000001 -10.447306750000001 -10.339404000000002
1860.0 -10.316356 -10.764076 -10.238448 -10.45156 -10.439626666666667 -10.44261 -10.335454666666667
1870.0 -10.312047 -10.757137 -10.232034 -10.450437 -10.433739333333333 -10.43791375 -10.331506
1880.0 -10.307738 -10.750199 -10.225619 -10.449311 -10.427852000000001 -10.433216750000001 -10.327556000000001
1890.0 -10.303429 -10.743259 -10.219205 -10.448188 -10.421964333333333 -10.42852025 -10.323607333333333
1900.0 -10.299121 -10.7363205 -10.21279 -10.4470625 -10.416077166666666 -10.4238235 -10.319657833333332
1910.0 -10.294813 -10.727985 -10.206375 -10.445938 -10.409724333333335 -10.41877775 -10.315708666666666
1920.0 -10.2905035 -10.719647 -10.199962 -10.444813 -10.403370833333334 -10.413731375000001 -10.311759499999999
1930.0 -10.286195 -10.711174 -10.193546 -10.443688 -10.396971666666666 -10.40865075 -10.307809666666666
1940.0 -10.281886 -10.70216 -10.187132 -10.442563 -10.390392666666665 -10.40343525 -10.303860333333333
1950.0 -10.277577 -10.693145 -10.1807165 -10.441439 -10.383812833333335 -10.398219375000002 -10.299910833333335
1960.0 -10.273269 -10.684132 -10.174304 -10.440314 -10.377235 -10.39300475 -10.295962333333334
1970.0 -10.268961 -10.6751175 -10.167889 -10.439191 -10.370655833333332 -10.387789625 -10.292013666666668
1980.0 -10.264652 -10.666103 -10.162474 -10.438066 -10.364409666666665 -10.38282375 -10.288397333333334
1990.0 -10.260344 -10.65709 -10.158383 -10.436941 -10.358605666666667 -10.3781895 -10.285222666666668
2000.0 -10.256035 -10.648075 -10.154395 -10.435817 -10.352835 -10.373580500000001 -10.282082333333333
2010.0 -10.251726 -10.639062 -10.150409 -10.434691 -10.347065666666667 -10.368972 -10.278942
2020.0 -10.247417 -10.630047 -10.1464205 -10.433566 -10.341294833333334 -10.364362625 -10.275801166666668
2030.0 -10.243108 -10.621033 -10.142432 -10.432443 -10.335524333333334 -10.359753999999999 -10.272661
2040.0 -10.238801 -10.61202 -10.138444 -10.431317 -10.329755 -10.355145499999999 -10.269520666666667
2050.0 -10.234492 -10.603004 -10.134458 -10.430193 -10.323984666666668 -10.35053675 -10.266380999999999
2060.0 -10.230184 -10.59399 -10.130468 -10.429069 -10.318214 -10.34592775 -10.263240333333334
2070.0 -10.225875 -10.584977 -10.126481 -10.427945 -10.312444333333334 -10.3413195 -10.260100333333334
2080.0 -10.221566 -10.575963 -10.122494 -10.42682 -10.306674333333332 -10.336710749999998 -10.25696
2090.0 -10.2172575 -10.566949 -10.118663 -10.425694 -10.3009565 -10.332140875 -10.2538715
2100.0 -10.212949 -10.559292 -10.1150875 -10.424571 -10.295776166666668 -10.327974875 -10.250869166666666
2110.0 -10.208641 -10.55272 -10.111512 -10.423446 -10.290957666666666 -10.32407975 -10.247866333333333
2120.0 -10.204331 -10.546148 -10.107937 -10.422321 -10.286138666666666 -10.32018425 -10.244863
2130.0 -10.200023 -10.539577 -10.104361 -10.421197 -10.281320333333333 -10.3162895 -10.241860333333333
2140.0 -10.195715 -10.533005 -10.100785 -10.4200735 -10.276501666666666 -10.312394625 -10.238857833333334
2150.0 -10.191406 -10.526434 -10.09721 -10.418947 -10.271683333333334 -10.30849925 -10.235854333333334
2160.0 -10.187097 -10.517696 -10.093635 -10.417823 -10.266142666666667 -10.30406275 -10.232851666666667
2170.0 -10.182789 -10.508674 -10.09006 -10.416698 -10.260507666666667 -10.299555250000001 -10.229849
2180.0 -10.178479 -10.499652 -10.086484 -10.415574 -10.254871666666666 -10.29504725 -10.226845666666668
2190.0 -10.174842 -10.490583 -10.082909 -10.414449 -10.249444666666667 -10.29069575 -10.224066666666666
2200.0 -10.171654 -10.479793 -10.079334 -10.413324 -10.243593666666667 -10.286026249999999 -10.221437333333332
2210.0 -10.168468 -10.469003 -10.075758 -10.4122 -10.237743 -10.281357250000001 -10.218808666666668
2220.0 -10.165281 -10.458211 -10.072183 -10.411076 -10.231891666666668 -10.27668775 -10.216180000000001
2230.0 -10.162094 -10.44742 -10.068608 -10.40995 -10.226040666666664 -10.272018 -10.213550666666668
2240.0 -10.158906 -10.436628 -10.065032 -10.408828 -10.220188666666667 -10.2673485 -10.210922
2250.0 -10.155719 -10.425837 -10.061456 -10.4077015 -10.214337333333333 -10.262678375 -10.208292166666666
2260.0 -10.152533 -10.415045 -10.057881 -10.406577 -10.208486333333333 -10.258009 -10.205663666666666
2270.0 -10.149345 -10.404255 -10.054306 -10.405453 -10.202635333333333 -10.25333975 -10.203034666666667
2280.0 -10.146159 -10.393463 -10.050731 -10.404327 -10.196784333333333 -10.24867 -10.200405666666668
2290.0 -10.142971 -10.385582 -10.047155 -10.403203 -10.191902666666666 -10.24472775 -10.197776333333332
2300.0 -10.139785 -10.377781 -10.04358 -10.402079 -10.187048666666668 -10.24080625 -10.195148000000001
2310.0 -10.136598 -10.369981 -10.040006 -10.400954 -10.182195 -10.23688475 -10.192519333333331
2320.0 -10.13341 -10.362181 -10.036428 -10.399829 -10.177339666666667 -10.232962 -10.189888999999999
2330.0 -10.130223 -10.354382 -10.032852 -10.398705 -10.172485666666667 -10.2290405 -10.18726
2340.0 -10.127037 -10.3465805 -10.029278 -10.39758 -10.167631833333333 -10.225118875 -10.184631666666666
2350.0 -10.123849 -10.338779 -10.025702 -10.396456 -10.162776666666668 -10.221196500000001 -10.182002333333335
2360.0 -10.120662 -10.33098 -10.022127 -10.395331 -10.157922999999998 -10.217274999999999 -10.179373333333332
2370.0 -10.1174755 -10.323179 -10.018552 -10.394206 -10.153068833333334 -10.213353125000001 -10.1767445
2380.0 -10.114288 -10.315378 -10.014976 -10.393082 -10.148214000000001 -10.209431 -10.174115333333333
2390.0 -10.111101 -10.30758 -10.011401 -10.391957 -10.143360666666666 -10.20550975 -10.171486333333332
2400.0 -10.107915 -10.299779 -10.007825 -10.390834 -10.138506333333334 -10.20158825 -10.168858
2410.0 -10.104728 -10.29198 -10.004617 -10.3897085 -10.133775 -10.197758375 -10.166351166666665
2420.0 -10.101541 -10.284179 -10.001462 -10.388584 -10.129060666666666 -10.1939415 -10.163862333333334
2430.0 -10.098353 -10.276474 -9.998307 -10.387461 -10.124378 -10.19014875 -10.161373666666668
2440.0 -10.095166 -10.269903 -9.995152 -10.386334 -10.120073666666665 -10.186638749999998 -10.158884
2450.0 -10.091979 -10.26333 -9.991996 -10.38521 -10.115768333333333 -10.18312875 -10.156395000000002
2460.0 -10.088792 -10.25676 -9.988841 -10.384086 -10.111464333333332 -10.17961975 -10.153906333333333
2470.0 -10.085605 -10.250187 -9.985687 -10.38296 -10.107159666666666 -10.176109749999998 -10.151417333333333
2480.0 -10.0824175 -10.243615 -9.9825325 -10.381836 -10.102855 -10.17260025 -10.148928666666666
2490.0 -10.07923 -10.237042 -9.979376 -10.380712 -10.098549333333333 -10.16909 -10.146439333333333
