2420.0 -10.955781 -10.755294
1810.0 -10.512076 -10.432397
777.0 -11.571516 -11.395182
2240.0 -10.993283 -10.737597
1240.0 -10.876527 -10.455107
783.0 -11.2005005 -10.786482
693.0 -11.467584 -11.620635
1840.0 -11.048197 -11.115932
657.0 -11.50686 -11.277185
603.0 -11.632387 -11.627403
1110.0 -10.967113 -10.744835
402.0 -11.733426 -11.856995
2120.0 -10.371614 -10.911351
393.0 -11.60667 -11.779955
1020.0 -11.064639 -11.007963
567.0 -11.683232 -11.581559
468.0 -11.90924 -11.824199
1280.0 -10.846574 -10.853589
423.0 -11.677165 -11.852502
1280.0 -11.455196 -11.236142
339.0 -11.770246 -11.901291
1360.0 -10.789821 -10.862033
1740.0 -10.564489 -10.861991
612.0 -11.438826 -11.470594
1890.0 -11.366619 -10.897939
1780.0 -10.483447 -10.724734
576.0 -11.655183 -11.604684
1930.0 -10.47195 -10.776792
1200.0 -11.470027 -11.248909
2110.0 -10.989096 -10.961279
474.0 -11.761292 -11.683073
1080.0 -11.008862 -11.105443
654.0 -11.49229 -11.573416
687.0 -11.458068 -11.402414
2150.0 -10.359254 -10.79001
870.0 -11.223419 -11.205309
510.0 -11.720944 -11.637421
777.0 -11.339822 -11.294473
950.0 -11.031404 -11.067471
1830.0 -11.373897 -10.966916
618.0 -11.516414 -11.544055
462.0 -11.775578 -11.689507
546.0 -11.569095 -11.74113
1720.0 -10.557987 -10.656956
1320.0 -11.215065 -11.233224
594.0 -11.533274 -11.552792
639.0 -11.378526 -11.379819
369.0 -12.206035 -11.911023
1290.0 -11.22551 -11.220902
453.0 -11.648225 -11.67016
2190.0 -10.411493 -10.702897
2260.0 -11.326438 -10.846935
1630.0 -11.138916 -11.038058
2100.0 -10.991147 -10.872472
1220.0 -10.891932 -10.939682
747.0 -11.409623 -11.393658
783.0 -11.331799 -11.344167
459.0 -11.77922 -11.761815
747.0 -11.259614 -11.337865
783.0 -11.4154215 -11.597232
2410.0 -11.312053 -11.030744
1980.0 -10.43199 -10.79846
1700.0 -11.082333 -11.1094675
636.0 -11.403461 -11.425663
690.0 -11.436585 -11.469705
597.0 -11.53113 -11.776974
1430.0 -10.726968 -10.858552
747.0 -11.435541 -11.534865
507.0 -11.813186 -11.64024
483.0 -11.624273 -11.523899
1820.0 -11.076465 -11.003039
2030.0 -10.409895 -10.747417
1830.0 -10.543497 -10.687148
441.0 -11.659571 -11.71071
1270.0 -10.853958 -10.861477
444.0 -11.965748 -11.7348385
1910.0 -10.463994 -10.636884
1120.0 -11.485941 -11.1250305
486.0 -11.685484 -11.549574
1690.0 -11.084876 -10.906378
1610.0 -11.105783 -11.262291
860.0 -11.375281 -11.227488
2350.0 -10.299167 -10.643181
498.0 -11.597383 -11.554303
453.0 -11.7865925 -11.665186
1460.0 -11.147923 -11.103981
318.0 -11.895555 -11.874218
516.0 -11.593081 -11.748072
1250.0 -10.853174 -10.940067
950.0 -11.332632 -11.45051
711.0 -11.30312 -11.318081
399.0 -11.70179 -11.673337
549.0 -11.709806 -11.762342
462.0 -11.663375 -11.70136
2380.0 -11.314855 -10.625041
381.0 -11.833213 -11.861101
348.0 -11.637141 -11.643873
1350.0 -10.724554 -10.669556
1530.0 -11.414455 -11.119354
2040.0 -10.422927 -10.596353
1350.0 -11.1932125 -11.158743
1860.0 -11.060382 -11.094271
1010.0 -11.004847 -11.149489
783.0 -11.393362 -11.393776
910.0 -11.351072 -11.304638
672.0 -11.5273485 -11.570017
1640.0 -11.097825 -11.1502
2170.0 -10.418173 -10.682278
450.0 -11.704775 -11.713541
1230.0 -10.805789 -10.934903
1270.0 -11.207937 -11.201251
525.0 -11.524346 -11.557626
1910.0 -11.364246 -10.991003
880.0 -11.542125 -11.408603
363.0 -11.626877 -11.679096
2080.0 -10.995279 -10.971227
1860.0 -11.043532 -11.383249
1220.0 -10.876274 -11.084575
960.0 -11.124514 -11.177622
687.0 -11.562531 -11.553677
627.0 -11.395148 -11.379988
1430.0 -10.674334 -10.704984
384.0 -11.71792 -11.667048
870.0 -11.128681 -11.164477
744.0 -11.372459 -11.377969
588.0 -11.451482 -11.405618
438.0 -11.662455 -11.611631
300.0 -11.810232 -11.837666
1290.0 -10.764222 -10.717466
312.0 -11.804957 -11.805157
681.0 -11.440987 -11.416441
507.0 -11.674962 -11.612355
396.0 -11.704968 -11.6427965
1940.0 -11.041514 -10.999572
1330.0 -11.446415 -11.138909
1390.0 -10.699081 -10.640948
588.0 -11.488986 -11.535072
2350.0 -10.969235 -10.791456
621.0 -11.403581 -11.424393
1000.0 -11.012984 -11.200313
351.0 -11.844954 -11.933938
1130.0 -11.313622 -11.376526
333.0 -11.965953 -12.018856
2080.0 -10.347737 -10.641086
1310.0 -11.218519 -11.297786
1270.0 -11.257292 -11.301069
1070.0 -11.496511 -11.406576
705.0 -11.549164 -11.619932
321.0 -11.7930765 -11.901014
630.0 -11.621761 -11.625147
1980.0 -11.01655 -11.336731
606.0 -11.524762 -11.670081
405.0 -11.695501 -11.721265
450.0 -11.5697365 -11.521113
324.0 -12.39016 -12.201313
633.0 -11.555709 -11.459051
2050.0 -10.418617 -10.732713
429.0 -11.786772 -11.786908
456.0 -11.645434 -11.407224
738.0 -11.381072 -11.408358
1360.0 -10.718116 -10.872389
579.0 -11.544154 -11.342955
1080.0 -11.277594 -11.088366
762.0 -11.242257 -11.248291
2490.0 -10.1910515 -10.487309
2450.0 -10.924556 -11.050705
627.0 -11.56024 -11.4805355
699.0 -11.463904 -11.47902
1390.0 -10.75335 -10.889586
2350.0 -10.28145 -10.437739
759.0 -11.4041395 -11.331776
369.0 -11.755512 -11.759435
990.0 -11.314942 -11.213589
642.0 -11.544147 -11.581233
558.0 -11.505521 -11.4716835
312.0 -12.009785 -12.078253
624.0 -11.469841 -11.446546
531.0 -11.520872 -11.502255
516.0 -11.600791 -11.68553
1030.0 -11.055074 -10.951142
729.0 -11.445961 -11.424268
582.0 -11.541956 -11.511583
705.0 -11.460256 -11.453213
771.0 -11.398719 -11.400178
1600.0 -11.147644 -11.065477
1680.0 -10.596103 -10.4151325
768.0 -11.400068 -11.428739
378.0 -12.173716 -12.417847
1560.0 -10.663296 -10.576229
729.0 -11.445961 -11.623305
2010.0 -11.041244 -10.840541
399.0 -11.863293 -12.06635
1790.0 -11.095099 -11.024789
516.0 -11.5296 -11.534209
639.0 -11.537534 -11.635417
1550.0 -11.142371 -11.114578
384.0 -11.745201 -11.807655
870.0 -11.209484 -11.227934
1920.0 -10.417471 -10.27867
411.0 -11.727765 -11.723446
420.0 -11.588922 -11.511814
2330.0 -10.306592 -10.295996
2350.0 -10.955899 -10.7874
1460.0 -11.147923 -11.176015
1770.0 -11.064929 -10.934685
1510.0 -10.626858 -10.563765
708.0 -11.458443 -11.4973345
2020.0 -10.373236 -10.320294
1240.0 -10.860801 -10.95213
627.0 -11.416518 -11.480315
600.0 -11.528996 -11.555281
2100.0 -10.4421015 -10.468872
1370.0 -11.439636 -11.179706
1870.0 -11.369018 -10.984859
2050.0 -11.032127 -10.980914
960.0 -11.360787 -11.414618
1940.0 -11.360735 -11.042139
441.0 -11.974249 -12.093838
339.0 -11.777683 -11.915821
1010.0 -11.059552 -11.2735405
735.0 -11.255885 -11.404087
606.0 -11.425027 -11.556295
1300.0 -11.197892 -11.4616165
1460.0 -10.656224 -10.71012
438.0 -11.80556 -11.858702
534.0 -11.742153 -11.744064
714.0 -11.416433 -11.419605
561.0 -11.613445 -11.578412
1200.0 -10.866354 -10.895894
1540.0 -10.673093 -10.672669
2200.0 -10.971057 -11.04919
1890.0 -11.069793 -10.993452
726.0 -11.447722 -11.420338
1430.0 -11.200697 -11.118332
2480.0 -10.952014 -10.613692
582.0 -11.541956 -11.47427
783.0 -11.318532 -11.239546
1220.0 -11.225212 -11.287564
2230.0 -10.3272085 -10.504022
570.0 -11.550816 -11.516746
681.0 -11.341559 -11.33974
687.0 -11.471293 -11.476484
312.0 -11.905407 -11.745412
2400.0 -10.965342 -10.8634
402.0 -12.09954 -11.919203
1270.0 -10.777858 -10.825657
1140.0 -10.956668 -11.000938
1470.0 -10.650271 -10.664731
1860.0 -10.531431 -10.63051
651.0 -11.362214 -11.387502
360.0 -11.745042 -11.643206
1060.0 -11.027033 -11.121746
330.0 -11.971452 -11.96718
1340.0 -11.20824 -11.342636
768.0 -11.338864 -11.415014
1760.0 -11.102987 -11.173579
1180.0 -11.266105 -11.385084
615.0 -11.591665 -11.545439
2150.0 -10.980986 -11.19772
492.0 -11.682426 -11.667271
588.0 -11.630916 -11.603885
1470.0 -11.160336 -11.104551
600.0 -11.433756 -11.372083
360.0 -11.761935 -11.714836
1350.0 -11.204865 -11.220356
789.0 -11.390706 -11.367492
1880.0 -11.072258 -11.035725
318.0 -12.416635 -12.212885
750.0 -11.238194 -11.211815
1920.0 -10.476561 -10.495208
711.0 -11.500716 -11.51997
363.0 -11.875929 -11.824635
840.0 -11.385356 -11.52239
555.0 -11.697195 -11.718508
522.0 -11.556018 -11.52618
860.0 -11.448166 -11.468191
393.0 -11.867662 -11.86938
1070.0 -11.017897 -11.024393
393.0 -11.787916 -11.792695
1780.0 -11.062499 -11.15879
1900.0 -11.067341 -11.030794
1150.0 -11.277866 -11.309881
1450.0 -10.662219 -10.602938
555.0 -11.618618 -11.571069
1200.0 -11.23232 -11.316461
1030.0 -11.297945 -11.366676
636.0 -11.463622 -11.416286
2210.0 -11.331453 -10.939372
1850.0 -10.509608 -10.533108
1440.0 -11.1973915 -11.186829
1330.0 -11.188075 -11.152147
774.0 -11.501347 -11.480627
2280.0 -10.325467 -10.400848
318.0 -11.994109 -11.954098
582.0 -11.641022 -11.597245
699.0 -11.508739 -11.531449
564.0 -11.555313 -11.514686
492.0 -11.613272 -11.55474
459.0 -11.564095 -11.561094
672.0 -11.480712 -11.618167
1350.0 -10.78063 -10.900014
2150.0 -11.009824 -10.995245
1240.0 -11.243494 -11.334271
726.0 -11.447722 -11.462364
1690.0 -10.52867 -10.532591
2190.0 -11.001646 -11.0086
486.0 -11.618828 -11.608652
990.0 -10.995358 -10.999207
2280.0 -10.267774 -10.331787
1460.0 -10.724096 -10.686577
693.0 -11.461039 -11.410245
1910.0 -11.048494 -11.029254
2060.0 -11.014665 -11.021426
1140.0 -11.254367 -11.228983
348.0 -12.013776 -12.058345
480.0 -11.551139 -11.502722
762.0 -11.224298 -11.224731
800.0 -11.406235 -11.482571
396.0 -11.78411 -11.775078
2460.0 -10.32738 -10.325761
2390.0 -10.266768 -10.327834
1890.0 -10.519582 -10.495438
525.0 -11.772137 -11.798952
930.0 -11.409152 -11.391156
663.0 -11.609437 -11.50785
762.0 -11.402779 -11.365938
714.0 -11.425044 -11.390992
2000.0 -10.381905 -10.311364
910.0 -11.351072 -11.432455
1260.0 -10.827937 -10.868123
474.0 -11.884853 -11.958538
2430.0 -10.336212 -10.322188
1950.0 -11.039212 -11.018843
531.0 -11.541 -11.495651
390.0 -12.138823 -12.11585
534.0 -11.75231 -11.720562
660.0 -11.488396 -11.519099
2190.0 -10.343069 -10.327882
2220.0 -10.995382 -10.941222
2110.0 -11.017382 -10.918748
312.0 -12.443844 -12.308709
483.0 -11.871059 -11.908391
2070.0 -10.99736 -11.102008
2400.0 -10.345164 -10.33573
1210.0 -10.820099 -10.770275
1190.0 -11.2885895 -11.31831
750.0 -11.433828 -11.514188
1530.0 -11.1687155 -11.190105
2150.0 -10.995563 -11.020796
930.0 -11.332348 -11.311188
555.0 -11.707723 -11.738133
2270.0 -10.957527 -10.918657
384.0 -11.799535 -11.771406
2220.0 -11.3304405 -11.002926
657.0 -11.490338 -11.41945
393.0 -11.70817 -11.67791
1720.0 -11.11373 -11.150142
1440.0 -11.168328 -11.175657
615.0 -11.620404 -11.663065
2320.0 -10.948114 -11.139881
2320.0 -10.252628 -10.356617
890.0 -11.431022 -11.482073
1680.0 -11.087436 -11.243692
1390.0 -11.191628 -11.262544
1990.0 -11.045874 -11.043339
1840.0 -10.497344 -10.665062
474.0 -11.691729 -11.630296
2290.0 -10.953737 -10.911884
315.0 -11.900454 -11.8251505
360.0 -11.832098 -11.773195
783.0 -11.218664 -11.296533
1040.0 -11.293798 -11.224052
495.0 -11.6416 -11.613401
684.0 -11.33762 -11.387219
501.0 -11.538472 -11.437523
366.0 -12.217057 -12.268095
612.0 -11.571776 -11.52589
880.0 -11.211823 -11.162243
732.0 -11.389774 -11.362913
1120.0 -10.921248 -10.974653
1120.0 -11.263999 -11.222609
2110.0 -11.018802 -10.901177
1890.0 -11.036629 -11.067627
576.0 -11.665307 -11.674525
2380.0 -10.937082 -11.01467
1420.0 -10.680454 -10.646979
666.0 -11.608351 -11.541084
717.0 -11.590654 -11.523438
450.0 -11.720678 -11.783734
666.0 -11.578651 -11.628619
390.0 -11.812616 -11.814256
1010.0 -11.337391 -11.378983
2480.0 -10.252531 -10.310929
1420.0 -11.43145 -11.239538
723.0 -11.420788 -11.412193
477.0 -11.877149 -12.0124445
459.0 -11.669107 -11.669186
2080.0 -11.023136 -10.957031
543.0 -11.551458 -11.587692
930.0 -11.529167 -11.437177
666.0 -11.504022 -11.463369
1560.0 -10.646772 -10.688132
1530.0 -11.1277485 -11.247299
477.0 -11.692087 -11.752452
2300.0 -10.951855 -10.882452
651.0 -11.382219 -11.466634
591.0 -11.535428 -11.470148
615.0 -11.434308 -11.493622
1470.0 -10.701426 -10.7194195
330.0 -11.876482 -11.87125
456.0 -11.701441 -11.684765
910.0 -11.419951 -11.412476
594.0 -11.586035 -11.562152
1300.0 -10.803496 -10.825238
537.0 -11.745799 -11.656134
669.0 -11.576312 -11.551086
552.0 -11.678003 -11.679894
2370.0 -10.938902 -11.052188
429.0 -11.583105 -11.527711
2170.0 -11.005872 -11.002913
330.0 -12.074573 -12.086126
2240.0 -10.3408985 -10.307495
2030.0 -11.021223 -11.0326
1770.0 -10.488358 -10.449339
411.0 -12.063905 -12.122537
612.0 -11.628788 -11.594796
2080.0 -10.4491005 -10.419804
800.0 -11.406235 -11.377508
1490.0 -10.698236 -10.7282915
609.0 -11.420695 -11.441777
408.0 -11.692391 -11.707878
717.0 -11.45305 -11.541712
830.0 -11.271497 -11.248465
741.0 -11.582797 -11.520764
1960.0 -11.052913 -11.034804
1820.0 -11.087352 -11.082371
1370.0 -11.175321 -11.15592
432.0 -12.008085 -12.008378
381.0 -11.721219 -11.547554
579.0 -11.49389 -11.469083
390.0 -11.791756 -11.816278
603.0 -11.578848 -11.602314
651.0 -11.494249 -11.607588
762.0 -11.576146 -11.5450535
960.0 -11.110016 -11.178913
573.0 -11.671241 -11.623017
2180.0 -10.306836 -10.322836
810.0 -11.296625 -11.278215
1720.0 -11.077289 -11.183955
372.0 -11.73127 -11.740953
1870.0 -10.500025 -10.532116
414.0 -12.054536 -12.078871
2050.0 -10.360394 -10.316294
850.0 -11.36454 -11.336884
666.0 -11.484537 -11.534116
312.0 -11.662051 -11.601048
576.0 -11.643553 -11.571705
483.0 -11.750865 -11.727819
2290.0 -10.953737 -11.040356
1850.0 -11.07974 -11.031451
348.0 -11.939381 -11.901805
2120.0 -10.987054 -11.055994
1100.0 -11.269712 -11.331162
1740.0 -11.094272 -11.017019
1020.0 -11.302133 -11.359969
1290.0 -11.2498045 -11.245729
2060.0 -10.999451 -10.927486
1450.0 -11.194111 -11.18198
384.0 -11.88115 -11.861339
2440.0 -10.939168 -10.867536
1110.0 -10.982345 -10.9612055
342.0 -11.766555 -11.698844
1850.0 -11.371444 -11.069546
567.0 -11.500504 -11.476117
537.0 -11.660752 -11.684317
2460.0 -10.955308 -10.854663
753.0 -11.234699 -11.32728
890.0 -11.20039 -11.3055525
429.0 -11.817328 -11.978276
1740.0 -10.547553 -10.694147
441.0 -11.730637 -11.84865
663.0 -11.496875 -11.559286
870.0 -11.370331 -11.383003
528.0 -11.545978 -11.554457
1730.0 -11.096549 -11.0679
648.0 -11.496218 -11.444462
315.0 -11.8009615 -11.731347
1960.0 -11.046945 -11.030918
798.0 -11.38675 -11.362605
1500.0 -11.157174 -11.194075
870.0 -11.406354 -11.4176
768.0 -11.235435 -11.289664
339.0 -11.770246 -11.713015
426.0 -11.747751 -11.69181
910.0 -11.06901 -11.048775
900.0 -11.355807 -11.439386
1570.0 -10.65845 -10.648265
2430.0 -10.2701435 -10.341082
1480.0 -11.142063 -11.104772
774.0 -11.330672 -11.283955
618.0 -11.407828 -11.3594
594.0 -11.6193905 -11.550134
309.0 -12.01184 -11.935407
549.0 -11.623853 -11.61699
555.0 -11.507204 -11.503951
405.0 -12.089973 -12.052267
850.0 -11.38029 -11.388225
486.0 -11.747441 -11.796712
900.0 -11.078671 -11.130213
1480.0 -11.184414 -11.268955
1970.0 -11.35728 -11.097428
669.0 -11.607269 -11.632182
2200.0 -10.356638 -10.427538
1360.0 -11.441312 -11.347354
1710.0 -10.5940895 -10.660128
2020.0 -10.431618 -10.552597
2310.0 -10.980838 -11.027376
2240.0 -10.963274 -11.179164
970.0 -11.31707 -11.404868
1680.0 -11.393231 -11.248818
1740.0 -11.072303 -11.135614
2060.0 -10.4143305 -10.430908
480.0 -11.754314 -11.865096
597.0 -11.53113 -11.543499
675.0 -11.478811 -11.493564
1300.0 -11.207669 -11.227454
480.0 -11.878567 -11.904232
1090.0 -10.984779 -11.018665
1060.0 -11.012022 -11.0293255
354.0 -11.898102 -11.795099
2130.0 -10.999736 -10.996698
495.0 -11.737323 -11.714511
699.0 -11.299871 -11.232642
1420.0 -11.159887 -11.117939
1540.0 -11.412974 -11.162939
762.0 -11.427044 -11.477891
2410.0 -10.931669 -10.740476
678.0 -11.345522 -11.38574
375.0 -11.930516 -11.936862
678.0 -11.47692 -11.45125
2470.0 -10.238199 -10.282566
732.0 -11.41657 -11.428914
1740.0 -11.090314 -11.172275
820.0 -11.47211 -11.528334
318.0 -11.794622 -11.839355
1670.0 -10.61185 -10.62935
369.0 -11.904537 -11.911467
2120.0 -10.435176 -10.447768
1220.0 -11.225212 -11.241264
372.0 -12.2010355 -12.175066
1510.0 -11.133418 -11.137653
1270.0 -10.838133 -10.933646
2390.0 -10.948383 -11.011902
1870.0 -10.440463 -10.423836
735.0 -11.584735 -11.500914
2480.0 -10.944571 -10.945104
2410.0 -10.342167 -10.275942
1860.0 -10.487672 -10.5660095
678.0 -11.47692 -11.505721
768.0 -11.217432 -11.201928
1550.0 -11.139706 -11.074063
820.0 -11.433889 -11.416618
696.0 -11.433674 -11.386533
516.0 -11.714555 -11.661521
417.0 -12.045261 -12.036221
2150.0 -10.376763 -10.316176
765.0 -11.507299 -11.502563
501.0 -11.6779175 -11.63835
1070.0 -11.281589 -11.389557
525.0 -11.585745 -11.514774
2390.0 -10.93527 -11.071703
1820.0 -11.052913 -11.0531025
2180.0 -10.347084 -10.390863
2260.0 -10.275447 -10.284903
486.0 -11.854425 -11.917049
840.0 -11.385356 -11.362633
333.0 -11.777723 -11.739408
2430.0 -10.21229 -10.280735
1580.0 -11.407148 -11.200319
579.0 -11.648497 -11.650309
612.0 -11.520568 -11.614434
618.0 -11.586253 -11.53636
789.0 -11.491599 -11.538782
312.0 -11.799706 -11.839765
375.0 -12.190375 -12.187841
579.0 -11.544154 -11.624064
669.0 -11.357544 -11.449573
1940.0 -11.025359 -11.10102
2230.0 -10.398334 -10.358739
1550.0 -10.668176 -10.62383
459.0 -11.717273 -11.652832
618.0 -11.617838 -11.553923
1460.0 -11.190855 -11.195674
414.0 -11.592827 -11.47678
830.0 -11.390483 -11.318071
582.0 -11.653561 -11.609957
1730.0 -10.5527525 -10.603067
1210.0 -10.859797 -10.98592
2480.0 -10.919296 -10.878281
2380.0 -10.937082 -10.914387
2090.0 -11.0082035 -11.043307
2180.0 -10.975001 -10.986873
798.0 -11.298682 -11.3437395
555.0 -11.562149 -11.462342
348.0 -11.759265 -11.548972
2370.0 -10.29181 -10.273539
522.0 -11.588177 -11.670246
1390.0 -11.181979 -11.215516
762.0 -11.427044 -11.464047
714.0 -11.591657 -11.59278
1050.0 -11.28969 -11.462074
2400.0 -10.933466 -11.074325
465.0 -11.771964 -11.819772
1810.0 -11.089919 -11.120042
1570.0 -11.134695 -11.09984
2310.0 -10.25639 -10.270048
441.0 -11.982343 -11.988255
2380.0 -10.270413 -10.26816
2310.0 -10.314088 -10.264606
624.0 -11.420924 -11.394677
678.0 -11.442463 -11.367044
1820.0 -11.052913 -11.028675
2220.0 -10.401599 -10.263679
687.0 -11.470404 -11.329295
408.0 -11.729636 -11.648177
363.0 -11.827894 -11.761716
1780.0 -11.0977125 -11.079664
480.0 -11.629752 -11.588966
2310.0 -11.321536 -10.973314
1100.0 -10.935699 -11.06396
612.0 -11.597112 -11.681231
585.0 -11.593342 -11.660984
621.0 -11.425358 -11.545675
522.0 -11.648215 -11.722845
2310.0 -10.977115 -11.057276
1070.0 -11.310878 -11.405735
669.0 -11.446919 -11.474055
303.0 -12.48342 -12.4383335
1850.0 -11.062799 -11.098404
1320.0 -10.801715 -10.931073
2220.0 -10.967148 -11.07892
1510.0 -10.676673 -10.816555
2300.0 -10.951855 -11.031208
900.0 -11.425452 -11.372149
648.0 -11.614954 -11.471643
860.0 -11.411724 -11.357321
516.0 -11.782606 -11.727137
960.0 -11.521747 -11.315069
1520.0 -11.171811 -11.13233
378.0 -11.890365 -11.825233
360.0 -11.628922 -11.539451
1120.0 -11.261972 -11.33681
800.0 -11.484585 -11.480443
920.0 -11.081837 -11.147027
489.0 -11.683949 -11.703603
708.0 -11.30687 -11.363524
1460.0 -10.713792 -10.797812
1490.0 -11.1550865 -11.1306
678.0 -11.523145 -11.54725
2240.0 -10.977265 -10.859775
405.0 -12.082932 -12.187888
1810.0 -10.468882 -10.328643
1800.0 -11.07509 -11.100488
970.0 -11.037995 -11.115245
1300.0 -10.757484 -10.662696
696.0 -11.555798 -11.556675
1590.0 -10.581843 -10.5602255
2460.0 -10.259529 -10.32689
1330.0 -11.235203 -11.275557
1090.0 -10.943043 -11.092434
729.0 -11.417972 -11.414543
2340.0 -11.318647 -11.008817
786.0 -11.568784 -11.490224
2410.0 -10.931669 -11.092996
360.0 -12.239493 -12.272195
2130.0 -10.985022 -11.022255
606.0 -11.447948 -11.500503
345.0 -11.853736 -11.794543
2050.0 -11.001552 -11.118303
2400.0 -10.280902 -10.64575
2030.0 -10.368934 -10.460521
2070.0 -10.3926525 -10.49665
1930.0 -11.060067 -11.016515
1640.0 -11.398692 -11.121171
681.0 -11.467605 -11.411659
990.0 -11.309621 -11.254862
372.0 -11.73127 -11.536881
387.0 -12.142467 -12.211343
1460.0 -11.425116 -11.057749
690.0 -11.560276 -11.735721
498.0 -11.608136 -11.728782
1320.0 -11.20183 -11.077379
1430.0 -10.743254 -10.714026
540.0 -11.6318245 -11.786129
795.0 -11.302614 -11.207431
534.0 -11.519144 -11.544346
2340.0 -10.957799 -10.412457
1110.0 -11.488014 -11.341345
669.0 -11.499137 -11.472584
1260.0 -11.45881 -11.352807
1790.0 -10.478565 -10.56226
1290.0 -11.201215 -11.461592
483.0 -11.549312 -11.619937
950.0 -11.120493 -11.291333
450.0 -11.957312 -12.107893
663.0 -11.486462 -11.520693
1790.0 -11.083057 -11.081989
910.0 -11.534258 -11.454788
423.0 -11.586977 -11.53335
774.0 -11.343862 -11.317128
1650.0 -10.59562 -10.997299
534.0 -11.578531 -11.557588
366.0 -11.624836 -11.508158
1940.0 -10.408442 -10.547635
1640.0 -10.62549 -10.819567
603.0 -11.42938 -11.318801
1180.0 -11.473898 -11.234776
1860.0 -11.077231 -11.011929
354.0 -12.267652 -12.051199
980.0 -11.516935 -11.352213
618.0 -11.567125 -11.546718
2280.0 -10.955628 -11.025689
639.0 -11.502178 -11.605042
1880.0 -11.038918 -11.148581
1750.0 -10.498261 -10.494609
2230.0 -10.9950905 -10.606325
492.0 -11.608039 -11.574225
555.0 -11.652647 -11.675182
483.0 -11.665977 -11.651227
354.0 -11.840627 -11.854708
1670.0 -11.1275425 -11.24273
588.0 -11.63852 -11.669143
657.0 -11.354173 -11.413103
1870.0 -11.041219 -11.063263
1880.0 -10.4952755 -10.65859
519.0 -11.785608 -11.793671
609.0 -11.629981 -11.611799
1050.0 -11.319537 -11.3662615
1020.0 -11.049822 -11.118453
705.0 -11.50471 -11.499741
1990.0 -10.444835 -10.526262
1170.0 -10.9163065 -11.008118
2000.0 -11.012212 -11.052264
642.0 -11.460542 -11.388501
552.0 -11.564452 -11.417889
435.0 -11.665357 -11.590674
441.0 -11.659571 -11.489501
483.0 -11.687029 -11.612734
1570.0 -11.40859 -11.145031
1270.0 -11.456996 -11.295194
588.0 -11.644193 -11.679235
1560.0 -11.137193 -11.165435
1650.0 -11.095204 -11.160707
471.0 -11.693318 -11.821975
789.0 -11.310535 -11.381856
1600.0 -10.623632 -10.79331
636.0 -11.382651 -11.45915
2090.0 -10.401609 -10.464076
570.0 -11.505265 -11.558527
585.0 -11.647746 -11.632313
408.0 -11.839521 -11.886356
621.0 -11.514351 -11.822077
651.0 -11.528877 -11.432075
756.0 -11.405504 -11.49467
477.0 -11.552972 -11.620736
633.0 -11.407786 -11.352798
850.0 -11.41716 -11.477366
1740.0 -11.38529 -11.087257
564.0 -11.488056 -11.361076
330.0 -11.960154 -11.828985
327.0 -11.787206 -11.764843
1670.0 -11.394584 -11.127831
1260.0 -11.236211 -11.289646
795.0 -11.408916 -11.45444
1740.0 -11.108326 -11.145698
1070.0 -10.9579735 -10.974489
408.0 -11.772835 -11.743147
1230.0 -10.884192 -10.814084
1960.0 -10.441003 -10.4496565
774.0 -11.420364 -11.50855
687.0 -11.60089 -11.635337
1090.0 -11.492222 -11.432006
1390.0 -10.769531 -10.80797
1360.0 -11.224563 -11.328954
438.0 -11.765241 -11.800698
672.0 -11.353514 -11.401296
1050.0 -10.943949 -10.923662
950.0 -11.134933 -11.092956
1010.0 -11.306361 -11.468464
507.0 -11.662358 -11.660386
510.0 -11.598042 -11.652567
453.0 -11.56785 -11.529999
540.0 -11.573787 -11.487694
507.0 -11.80355 -11.77247
456.0 -11.565969 -11.506925
783.0 -11.569691 -11.487225
1830.0 -10.459305 -10.348109
1920.0 -11.046155 -11.06619
669.0 -11.48262 -11.542494
444.0 -11.656707 -11.534157
2030.0 -11.036662 -11.007268
330.0 -11.784787 -11.796629
1700.0 -11.082333 -11.166282
750.0 -11.579922 -11.548838
2120.0 -11.340782 -10.987829
537.0 -11.576153 -11.548844
339.0 -11.64334 -11.622899
2330.0 -10.248882 -10.36306
2270.0 -10.271602 -10.36144
1170.0 -11.26999 -11.399143
970.0 -11.099671 -11.1938
1720.0 -10.513332 -10.607641
477.0 -11.6784725 -11.712049
1180.0 -10.923652 -10.982261
1950.0 -11.048988 -11.086819
645.0 -11.459009 -11.495799
612.0 -11.416385 -11.422888
477.0 -11.757791 -11.728573
1190.0 -10.915604 -10.967577
444.0 -11.573526 -11.556715
2360.0 -10.940728 -11.101259
456.0 -11.645434 -11.663094
738.0 -11.270239 -11.295102
447.0 -11.653861 -11.632663
699.0 -11.318244 -11.316017
369.0 -11.734672 -11.656083
546.0 -11.716182 -11.652151
1570.0 -11.136589 -11.098016
2350.0 -11.317693 -11.002119
378.0 -11.724544 -11.682089
980.0 -11.089456 -11.093724
663.0 -11.486462 -11.575134
2160.0 -10.314863 -10.336717
777.0 -11.396032 -11.404013
2170.0 -10.310841 -10.338741
309.0 -12.454702 -12.358286
1450.0 -11.4266815 -11.26461
675.0 -11.443944 -11.488184
1620.0 -10.634741 -10.795017
1760.0 -11.089751 -11.097863
870.0 -11.442377 -11.54318
2380.0 -10.288157 -10.338144
501.0 -11.629707 -11.653035
1040.0 -11.293798 -11.49388
1350.0 -11.181651 -11.32684
2210.0 -10.99746 -11.058228
2430.0 -10.960296 -10.811458
1550.0 -11.122152 -11.163843
1690.0 -11.103421 -11.097953
920.0 -11.380454 -11.362849
333.0 -12.347495 -12.249491
732.0 -11.585711 -11.466435
405.0 -11.695501 -11.483651
654.0 -11.588131 -11.53303
1370.0 -11.175321 -11.196578
990.0 -11.021219 -11.054662
1190.0 -11.471953 -11.32649
960.0 -11.328141 -11.441031
1910.0 -11.064902 -11.116946
483.0 -11.621092 -11.570349
2330.0 -10.946256 -10.884826
438.0 -11.57734 -11.5837555
795.0 -11.187189 -11.200567
2330.0 -10.288896 -10.309603
567.0 -11.510255 -11.537389
1540.0 -11.142232 -11.174803
591.0 -11.487362 -11.53985
1280.0 -11.253532 -11.368131
1020.0 -11.298674 -11.339257
890.0 -11.18632 -11.202648
483.0 -11.621092 -11.731295
1080.0 -10.919342 -10.902281
1640.0 -11.117598 -11.086662
2030.0 -10.466931 -10.402773
1080.0 -11.277594 -11.360054
1020.0 -10.996806 -11.043352
438.0 -11.662455 -11.645046
1150.0 -11.254101 -11.197491
513.0 -11.606483 -11.52676
2430.0 -10.953893 -10.948629
2380.0 -10.351201 -10.291185
714.0 -11.4987335 -11.446813
1510.0 -11.174928 -11.175414
483.0 -11.861936 -11.861728
798.0 -11.20229 -11.227192
1700.0 -11.100768 -11.089335
1590.0 -10.648865 -10.60409
1660.0 -11.111479 -11.105743
1540.0 -11.145292 -11.146039
525.0 -11.583974 -11.5419235
1260.0 -11.261084 -11.270072
2140.0 -10.363353 -10.4422455
1810.0 -11.055289 -11.064935
759.0 -11.577084 -11.497193
2300.0 -10.979107 -11.020122
2410.0 -10.963653 -10.900668
2110.0 -11.003949 -11.021141
732.0 -11.529836 -11.530469
621.0 -11.615285 -11.59545
465.0 -11.704114 -11.712296
2300.0 -11.322508 -11.031725
2340.0 -10.944406 -11.037632
645.0 -11.595374 -11.613952
345.0 -11.639205 -11.5923815
402.0 -11.776595 -11.786146
1160.0 -11.300927 -11.374075
930.0 -11.341754 -11.352388
390.0 -11.711396 -11.75994
528.0 -11.755432 -11.854793
441.0 -11.575431 -11.552704
1570.0 -10.657536 -10.628313
2220.0 -10.967148 -10.991183
2160.0 -11.008 -11.05475
1620.0 -11.103114 -11.152627
747.0 -11.580876 -11.523894
780.0 -11.3358 -11.240736
591.0 -11.641486 -11.604981
990.0 -11.079366 -11.080113
1350.0 -11.443 -11.267076
375.0 -12.184366 -12.196869
567.0 -11.663606 -11.666136
318.0 -11.797001 -11.613002
363.0 -11.741558 -11.783583
1440.0 -10.736816 -10.734407
636.0 -11.619469 -11.670818
1730.0 -11.074788 -11.219733
1860.0 -10.504802 -10.590103
642.0 -11.6172 -11.672401
2440.0 -10.248792 -10.330926
1740.0 -10.503256 -10.499577
2370.0 -10.970446 -10.925912
333.0 -11.647487 -11.63822
564.0 -11.666449 -11.716221
570.0 -11.498841 -11.514438
357.0 -12.256219 -12.192872
561.0 -11.695391 -11.616368
930.0 -11.1561775 -11.11894
492.0 -11.676971 -11.685011
1170.0 -11.243203 -11.268302
450.0 -11.737456 -11.753009
495.0 -11.680913 -11.704553
300.0 -11.670379 -11.660874
453.0 -11.703101 -11.739576
1800.0 -10.555787 -10.575022
1580.0 -11.153562 -11.238136
582.0 -11.642597 -11.665341
980.0 -11.313331 -11.3083725
531.0 -11.748768 -11.788319
771.0 -11.462673 -11.47471
1500.0 -10.632652 -10.572563
486.0 -11.682956 -11.631426
1540.0 -11.165643 -11.195833
321.0 -11.988342 -11.940032
2090.0 -10.993208 -11.027771
880.0 -11.365436 -11.316168
369.0 -11.622799 -11.555936
1140.0 -10.872125 -10.823656
990.0 -11.378256 -11.392353
2370.0 -10.23406 -10.292114
2410.0 -10.2773 -10.292757
2110.0 -11.341845 -11.051049
315.0 -11.79715 -11.861524
1050.0 -11.021309 -11.075898
441.0 -11.801703 -11.890678
2250.0 -10.9613495 -11.060555
1610.0 -10.639416 -10.644421
609.0 -11.602592 -11.605311
660.0 -11.583365 -11.635096
729.0 -11.281028 -11.359849
633.0 -11.386797 -11.391633
970.0 -11.356007 -11.388602
540.0 -11.556778 -11.5194845
1420.0 -10.733482 -10.691926
459.0 -11.699792 -11.659285
786.0 -11.392032 -11.358662
1040.0 -10.981005 -11.02428
1210.0 -11.254653 -11.271923
2150.0 -11.010139 -11.030147
1220.0 -11.466224 -11.291592
567.0 -11.672506 -11.645502
1240.0 -10.8405 -10.856779
642.0 -11.374419 -11.344815
513.0 -11.672046 -11.642561
552.0 -11.508893 -11.4902
480.0 -11.623731 -11.547955
549.0 -11.510588 -11.513123
744.0 -11.411004 -11.437733
309.0 -12.01834 -12.024711
513.0 -11.656647 -11.695009
735.0 -11.385412 -11.393339
1660.0 -10.606926 -10.617121
444.0 -11.656707 -11.772911
1020.0 -11.332858 -11.421888
561.0 -11.520337 -11.5309
384.0 -11.612682 -11.595826
771.0 -11.422025 -11.436761
1150.0 -11.479836 -11.361931
1870.0 -11.074738 -11.138354
306.0 -11.915482 -11.863732
522.0 -11.778847 -11.803996
2040.0 -11.03093 -11.012987
1080.0 -10.950467 -10.999714
2430.0 -10.940995 -10.930752
357.0 -11.630971 -11.575096
1570.0 -11.15655 -11.212732
1790.0 -10.522052 -10.532915
519.0 -11.651008 -11.613441
318.0 -11.992924 -11.92755
741.0 -11.248765 -11.204309
519.0 -11.669168 -11.651693
1800.0 -10.517049 -10.522929
1970.0 -11.018736 -11.03274
2390.0 -10.961496 -10.955592
1270.0 -11.2326145 -11.294007
735.0 -11.273817 -11.306535
1380.0 -11.17219 -11.181357
645.0 -11.546785 -11.5656805
318.0 -11.797001 -11.800311
2060.0 -11.029879 -11.06506
2000.0 -11.353879 -11.074639
369.0 -11.819605 -11.808222
708.0 -11.593675 -11.585709
1340.0 -11.231627 -11.314234
2020.0 -11.007916 -11.016792
1030.0 -11.040207 -11.047115
2060.0 -11.027016 -10.990883
666.0 -11.531594 -11.590783
2120.0 -11.001837 -11.057505
1180.0 -11.239545 -11.387952
342.0 -11.766555 -11.654342
375.0 -11.847219 -11.85137
501.0 -11.60559 -11.5769415
414.0 -11.686236 -11.617033
501.0 -11.592103 -11.5631
1250.0 -11.26491 -11.336887
1670.0 -10.539047 -10.438654
300.0 -11.8213215 -11.692095
1540.0 -10.658599 -10.6272955
672.0 -11.44543 -11.50766
1590.0 -11.130882 -11.230391
1480.0 -10.695166 -10.675241
2010.0 -10.418659 -10.395969
1290.0 -10.809524 -10.860462
1610.0 -11.12525 -11.228634
552.0 -11.506937 -11.521407
465.0 -11.704566 -11.798549
402.0 -11.698634 -11.702717
489.0 -11.613417 -11.607266
1760.0 -11.08518 -11.143673
576.0 -11.495535 -11.537016
630.0 -11.607715 -11.646745
612.0 -11.622986 -11.644237
2330.0 -10.36654 -10.313573
396.0 -11.704968 -11.747369
729.0 -11.531942 -11.528103
1840.0 -11.065229 -11.059105
663.0 -11.581002 -11.546912
399.0 -11.70179 -11.683823
810.0 -11.40092 -11.326987
1040.0 -11.50311 -11.327557
576.0 -11.546363 -11.580388
477.0 -11.886137 -11.825136
2160.0 -10.978982 -11.01477
762.0 -11.360221 -11.182015
2490.0 -10.249056 -10.320753
639.0 -11.549298 -11.422753
1460.0 -10.707735 -10.668207
420.0 -11.754787 -11.802385
414.0 -12.061857 -12.163807
2010.0 -11.025651 -11.069094
339.0 -12.043597 -12.215605
780.0 -11.394695 -11.446749
477.0 -11.626385 -11.608314
351.0 -12.004079 -12.12969
2180.0 -11.003754 -10.978591
1980.0 -11.01655 -10.988983
1610.0 -11.402879 -11.198909
1230.0 -10.846871 -10.864298
543.0 -11.686868 -11.6964
1570.0 -10.640924 -10.614322
1190.0 -10.900055 -10.898738
1890.0 -11.05321 -11.086785
411.0 -11.84181 -11.826806
2040.0 -11.003663 -11.056198
1850.0 -11.045858 -11.058411
1910.0 -11.0572605 -11.050659
795.0 -11.205534 -11.224305
588.0 -11.590893 -11.567629
612.0 -11.585708 -11.512374
780.0 -11.20386 -11.1631975
789.0 -11.193819 -11.1597395
504.0 -11.536686 -11.5123005
1400.0 -11.434688 -11.273391
648.0 -11.522059 -11.492561
1530.0 -11.1277485 -11.157963
1390.0 -10.751564 -10.812954
444.0 -11.75122 -11.74063
480.0 -11.86951 -11.932246
1390.0 -11.169081 -11.308332
2080.0 -11.010346 -11.088948
940.0 -11.063961 -11.166655
1620.0 -11.103114 -11.119434
1330.0 -11.198938 -11.196147
711.0 -11.426472 -11.417425
2100.0 -11.020995 -11.052982
765.0 -11.4253645 -11.490189
426.0 -12.017983 -11.929086
399.0 -11.602688 -11.525713
426.0 -11.674183 -11.520362
351.0 -12.274166 -12.168469
1060.0 -11.344752 -11.348967
2100.0 -10.397413 -10.401354
378.0 -11.724544 -11.615398
820.0 -11.39567 -11.53231
597.0 -11.63482 -11.645601
1610.0 -10.617951 -10.662437
2240.0 -10.963274 -10.972463
552.0 -11.564452 -11.694925
354.0 -11.929158 -11.937225
594.0 -11.46655 -11.454748
381.0 -11.803476 -11.778047
558.0 -11.525433 -11.486618
645.0 -11.370332 -11.336463
1630.0 -10.606708 -10.594249
345.0 -11.762895 -11.783067
567.0 -11.483399 -11.446953
2100.0 -11.019291 -10.985719
1630.0 -11.119689 -11.165165
1070.0 -11.340168 -11.38007
597.0 -11.438153 -11.41678
2040.0 -11.019026 -11.044962
1370.0 -10.783 -10.74044
1790.0 -11.060082 -11.046483
1840.0 -11.072124 -11.038022
303.0 -12.175314 -12.208027
741.0 -11.389644 -11.325642
318.0 -12.117817 -12.166316
2470.0 -10.946419 -10.995282
339.0 -12.326961 -12.266937
2440.0 -10.266589 -10.301488
309.0 -11.808991 -11.787667
1120.0 -10.958421 -11.020573
1520.0 -11.151193 -11.210717
1860.0 -10.445135 -10.447396
651.0 -11.494249 -11.459987
940.0 -11.337169 -11.306871
1840.0 -10.4545555 -10.448864
1650.0 -11.115208 -11.085098
381.0 -12.169413 -12.170252
465.0 -11.90837 -11.998606
660.0 -11.61053 -11.590655
1450.0 -11.172498 -11.213352
444.0 -11.70816 -11.691948
504.0 -11.60306 -11.649543
1490.0 -10.688953 -10.691634
2450.0 -10.937347 -10.920935
2320.0 -10.979089 -10.8798275
2300.0 -10.375917 -10.288569
1430.0 -11.1787815 -11.1923485
354.0 -11.994499 -11.973349
2480.0 -10.321557 -10.297649
1140.0 -11.257377 -11.218292
615.0 -11.518485 -11.459402
552.0 -11.713954 -11.650278
363.0 -11.759774 -11.763908
762.0 -11.509301 -11.559308
474.0 -11.629056 -11.574396
1470.0 -11.187623 -11.277539
2230.0 -11.329433 -11.064388
690.0 -11.329805 -11.430737
372.0 -12.195139 -12.304596
774.0 -11.420364 -11.595367
1970.0 -10.395072 -10.451466
777.0 -11.418711 -11.450745
2290.0 -10.303998 -10.355074
351.0 -11.755665 -11.756197
1130.0 -11.258153 -11.241164
1660.0 -10.616365 -10.605225
1880.0 -11.055588 -11.060477
1750.0 -11.383994 -11.130769
351.0 -11.755665 -11.561052
1580.0 -11.113891 -11.102263
1790.0 -10.559936 -10.544629
453.0 -11.730668 -11.658353
860.0 -11.36039 -11.384143
672.0 -11.480712 -11.533939
2470.0 -10.921042 -10.700624
645.0 -11.498196 -11.576775
711.0 -11.420959 -11.415911
582.0 -11.595805 -11.682181
546.0 -11.726553 -11.716745
465.0 -11.65768 -11.66961
474.0 -11.640816 -11.650971
1440.0 -11.153864 -11.315059
940.0 -11.526666 -11.508326
920.0 -11.531697 -11.50552
1450.0 -10.730431 -10.967632
2240.0 -10.323293 -10.64107
1910.0 -10.422021 -10.504071
432.0 -11.722476 -11.64704
771.0 -11.347921 -11.210583
1840.0 -11.048197 -11.03957
723.0 -11.415711 -11.237284
516.0 -11.670603 -11.620503
1070.0 -10.927467 -10.860007
2350.0 -10.360361 -10.324696
1760.0 -11.067373 -10.733685
2000.0 -10.477865 -10.284723
363.0 -11.741558 -11.616622
759.0 -11.42873 -11.458226
303.0 -11.807554 -11.904463
2420.0 -10.21588 -10.37236
1470.0 -11.144983 -11.194803
660.0 -11.488396 -11.538274
860.0 -11.118429 -11.1406
2000.0 -10.440405 -10.449356
333.0 -12.3517475 -12.243422
324.0 -11.982645 -11.988634
792.0 -11.319908 -11.265287
1010.0 -11.302293 -11.321579
753.0 -11.432122 -11.489916
2440.0 -10.926323 -10.925304
2170.0 -10.368651 -10.4676895
636.0 -11.553461 -11.5879345
2160.0 -10.993491 -11.089531
1350.0 -11.181651 -11.178829
696.0 -11.303639 -11.315836
2300.0 -10.300196 -10.343384
432.0 -11.715091 -11.700088
930.0 -11.375453 -11.387078
2210.0 -10.294931 -10.325315
702.0 -11.29612 -11.283438
1110.0 -11.267348 -11.211284
2220.0 -10.996905 -10.981874
1310.0 -11.20474 -11.1401825
2390.0 -10.348176 -10.313643
1320.0 -10.791602 -10.918753
800.0 -11.181702 -11.199537
648.0 -11.457481 -11.434574
744.0 -11.437261 -11.405369
387.0 -11.8194275 -11.807497
495.0 -11.841651 -11.823497
1500.0 -10.693131 -10.775701
1330.0 -10.794625 -10.885149
624.0 -11.562523 -11.551701
2290.0 -11.323484 -11.034502
390.0 -11.741206 -11.761225
1670.0 -10.601496 -10.5954485
990.0 -11.314942 -11.445957
480.0 -11.672198 -11.673687
462.0 -11.562226 -11.564132
1980.0 -11.35614 -11.106428
1170.0 -10.849445 -10.850807
372.0 -11.854308 -11.880286
2390.0 -11.313916 -11.017353
309.0 -11.664134 -11.689513
426.0 -11.674183 -11.801035
633.0 -11.605219 -11.717412
2450.0 -10.924556 -11.027176
2230.0 -10.993315 -11.113266
738.0 -11.525652 -11.597515
2230.0 -10.97926 -11.074566
402.0 -11.855287 -11.859433
2290.0 -10.967423 -11.042851
2190.0 -10.30285 -10.473823
1730.0 -11.11102 -11.096876
1120.0 -11.261972 -11.150657
399.0 -11.780336 -11.554085
830.0 -11.149489 -11.13953
717.0 -11.295678 -11.314421
306.0 -12.163487 -12.072516
2140.0 -10.997644 -10.99475
792.0 -11.208794 -11.268728
405.0 -11.847363 -11.799014
1600.0 -11.127286 -11.039165
594.0 -11.636046 -11.555232
621.0 -11.564818 -11.513785
2210.0 -10.404881 -10.507827
1550.0 -11.162591 -11.229312
2470.0 -11.306555 -11.057989
2380.0 -10.968738 -10.991094
2420.0 -10.255934 -10.303004
900.0 -11.174977 -11.240741
840.0 -11.139012 -11.220499
693.0 -11.307424 -11.375862
990.0 -11.514569 -11.479078
780.0 -11.457242 -11.534135
1830.0 -11.074288 -11.109284
890.0 -11.539471 -11.521078
1610.0 -11.124844 -11.144144
762.0 -11.347137 -11.313934
474.0 -11.893772 -11.972138
1030.0 -11.328373 -11.393704
1840.0 -10.539451 -10.427775
669.0 -11.48262 -11.495579
1090.0 -11.274122 -11.279778
336.0 -11.94422 -11.938425
423.0 -11.825345 -11.865318
2270.0 -11.325449 -10.903798
1600.0 -11.108469 -11.103992
1830.0 -11.050549 -11.094205
1570.0 -11.116627 -11.100684
1680.0 -11.108118 -11.092108
645.0 -11.539026 -11.494512
348.0 -11.759265 -11.767042
564.0 -11.648704 -11.641323
2340.0 -10.975612 -11.139493
543.0 -11.722603 -11.752187
447.0 -11.957326 -11.927623
2380.0 -10.230393 -10.947872
468.0 -11.652022 -11.609016
1560.0 -10.598452 -11.001502
1640.0 -10.55485 -10.863494
2290.0 -10.321656 -10.55075
1900.0 -11.059354 -10.911424
2320.0 -10.961623 -10.711088
1250.0 -11.46064 -11.030354
552.0 -11.703479 -11.426997
1810.0 -11.072604 -10.906377
1430.0 -11.156865 -10.94961
579.0 -11.598282 -11.45503
1050.0 -11.349385 -11.283178
1090.0 -10.911292 -10.754064
1250.0 -11.214766 -11.2978945
2490.0 -10.318665 -10.305206
1690.0 -11.121965 -10.888923
2320.0 -10.310331 -10.177459
1680.0 -11.106091 -11.004802
558.0 -11.672189 -11.97654
543.0 -11.571435 -11.865118
1110.0 -11.265825 -11.351678
930.0 -11.072841 -11.145259
564.0 -11.515279 -11.585373
1470.0 -10.708566 -10.752495
1860.0 -11.370227 -11.067648
1340.0 -10.8036375 -10.737457
357.0 -11.985034 -12.070304
327.0 -11.881174 -11.852518
531.0 -11.639943 -11.604475
1520.0 -10.621102 -10.565148
980.0 -11.383257 -11.395581
1090.0 -11.273635 -11.343645
690.0 -11.45334 -11.384061
558.0 -11.616024 -11.557541
609.0 -11.591231 -11.556564
624.0 -11.612747 -11.562598
1200.0 -11.238078 -11.207108
1140.0 -11.481853 -11.331014
702.0 -11.462076 -11.53814
327.0 -12.085169 -12.080641
1360.0 -11.190377 -11.190332
744.0 -11.385377 -11.362276
765.0 -11.4663315 -11.506267
459.0 -11.642661 -11.58327
1060.0 -11.3151865 -11.389953
2020.0 -11.023432 -11.107925
591.0 -11.6372795 -11.652319
546.0 -11.516534 -11.566979
396.0 -11.871383 -11.88452
1200.0 -11.258436 -11.328883
717.0 -11.277599 -11.341355
309.0 -11.802292 -11.774271
771.0 -11.214019 -11.271803
780.0 -11.417063 -11.470508
2030.0 -11.0329 -11.05479
2410.0 -10.259529 -10.821779
2350.0 -10.942563 -10.988852
795.0 -11.448338 -11.358408
820.0 -11.283966 -11.122956
798.0 -11.183892 -11.071346
708.0 -11.502708 -11.36911
2340.0 -10.363443 -10.281362
2140.0 -10.38085 -10.284182
2280.0 -10.382244 -10.297045
447.0 -11.744307 -11.576461
1460.0 -11.162984 -11.039318
351.0 -11.90562 -11.795797
561.0 -11.503842 -11.438181
2030.0 -10.42726 -10.375087
1220.0 -11.276589 -11.255174
411.0 -11.8317585 -11.877075
2010.0 -11.036867 -10.46575
1160.0 -11.246893 -11.239048
2280.0 -10.986129 -10.375776
1460.0 -11.169389 -11.236442
1690.0 -11.084876 -11.287445
2100.0 -10.379962 -10.459665
675.0 -11.47725 -11.542154
666.0 -11.484537 -11.627739
321.0 -12.399641 -12.50621
594.0 -11.638796 -11.810185
1920.0 -11.062478 -11.070931
747.0 -11.477495 -11.558773
2320.0 -10.975132 -10.756873
900.0 -11.355807 -11.370025
2360.0 -10.967288 -10.950558
468.0 -11.634447 -11.534482
1800.0 -11.057679 -11.127071
1490.0 -11.139162 -11.119518
546.0 -11.626494 -11.551663
2260.0 -10.9594345 -11.144196
1100.0 -11.298203 -11.296967
711.0 -11.544796 -11.477726
570.0 -11.550816 -11.431321
576.0 -11.546363 -11.437291
672.0 -11.606193 -11.527214
1400.0 -11.18838 -11.213459
654.0 -11.45444 -11.457428
1030.0 -10.96075 -11.149929
552.0 -11.653977 -11.652284
642.0 -11.500183 -11.510184
633.0 -11.559694 -11.518673
705.0 -11.442615 -11.417298
1870.0 -10.527457 -10.895824
537.0 -11.692876 -11.692896
528.0 -11.578452 -11.593507
1020.0 -11.507622 -11.424501
333.0 -11.777723 -11.665294
657.0 -11.452927 -11.497125
2360.0 -10.940728 -10.8916645
651.0 -11.455958 -11.5140085
2130.0 -10.367473 -10.544001
678.0 -11.472414 -11.405256
354.0 -11.766323 -11.860788
759.0 -11.5113125 -11.579319
1620.0 -11.12246 -11.205343
411.0 -11.765556 -11.795299
1320.0 -11.191322 -11.223102
1660.0 -11.112832 -11.087248
318.0 -11.657886 -11.646195
1750.0 -11.105648 -11.102829
528.0 -11.522607 -11.519006
336.0 -11.645412 -11.606662
531.0 -11.698964 -11.679879
1950.0 -11.023141 -10.770945
1660.0 -11.092599 -11.066367
648.0 -11.5339365 -11.340254
1960.0 -11.020933 -10.981968
744.0 -11.521508 -11.541563
1440.0 -10.724367 -10.791707
1920.0 -11.36307 -11.1320305
510.0 -11.796514 -11.795703
624.0 -11.399354 -11.450493
729.0 -11.2630625 -11.325835
432.0 -11.779526 -11.819758
890.0 -11.088442 -11.169579
2070.0 -10.351935 -10.5435295
612.0 -11.520568 -11.611253
726.0 -11.419378 -11.499385
2390.0 -10.226743 -10.550134
2220.0 -10.331143 -10.545047
660.0 -11.350179 -11.379088
558.0 -11.559858 -11.638821
720.0 -11.538322 -11.537645
2330.0 -11.319606 -11.037512
375.0 -11.727894 -11.678401
303.0 -12.0357065 -11.935665
1200.0 -11.23232 -11.226594
1000.0 -11.084114 -11.099405
2490.0 -10.94273 -11.042578
910.0 -11.177986 -11.185621
408.0 -11.596755 -11.548504
2180.0 -10.989377 -11.072481
1210.0 -11.468117 -11.333372
970.0 -11.114225 -11.150255
1620.0 -11.141806 -11.220276
1970.0 -11.034645 -11.085655
1730.0 -10.50828 -10.627904
2490.0 -10.917557 -10.923663
585.0 -11.636737 -11.643368
1600.0 -10.640306 -10.688909
1880.0 -10.435816 -10.483037
765.0 -11.575212 -11.502608
525.0 -11.762148 -11.724861
771.0 -11.334758 -11.303445
1910.0 -10.481198 -10.541871
702.0 -11.595713 -11.530891
375.0 -11.618738 -11.549501
522.0 -11.589537 -11.557744
1540.0 -11.124941 -11.154562
1440.0 -11.153864 -11.145347
1950.0 -11.359577 -11.084397
591.0 -11.588457 -11.607174
1250.0 -11.214766 -11.24947
2190.0 -11.002396 -10.984792
396.0 -11.799152 -11.844441
1870.0 -11.065692 -11.105048
1260.0 -11.211338 -11.371038
1780.0 -11.085278 -11.1198015
456.0 -11.714163 -11.767807
594.0 -11.4857435 -11.520647
432.0 -12.000238 -12.058945
573.0 -11.50031 -11.519377
1750.0 -10.542387 -10.608556
699.0 -11.463904 -11.416914
2250.0 -11.327432 -10.992254
774.0 -11.210619 -11.188274
585.0 -11.45597 -11.439041
738.0 -11.583764 -11.553191
630.0 -11.508223 -11.58168
453.0 -11.648225 -11.681575
1640.0 -10.617898 -10.65575
2450.0 -10.245245 -10.355706
342.0 -11.94983 -11.900754
636.0 -11.554481 -11.450259
696.0 -11.322077 -11.397403
2050.0 -11.001552 -11.054633
1800.0 -11.057679 -11.071948
2430.0 -10.252355 -10.344421
486.0 -11.54749 -11.50696
720.0 -11.451266 -11.513513
1210.0 -10.884124 -10.953642
1930.0 -11.361899 -11.114301
990.0 -11.094028 -11.115097
1510.0 -10.693152 -10.699123
645.0 -11.616074 -11.608469
684.0 -11.60194 -11.599217
696.0 -11.456394 -11.424294
1110.0 -11.265825 -11.348417
414.0 -11.761937 -11.738933
1880.0 -11.038918 -11.079989
1730.0 -10.569672 -10.651565
1870.0 -11.041219 -11.103153
798.0 -11.446579 -11.479422
2470.0 -10.256022 -10.310605
1720.0 -10.589723 -10.626595
357.0 -11.748554 -11.648442
684.0 -11.473161 -11.478744
1970.0 -11.04491 -11.033035
468.0 -11.69762 -11.622651
639.0 -11.60027 -11.5777855
432.0 -11.668279 -11.62248
744.0 -11.245228 -11.253973
633.0 -11.506198 -11.420488
429.0 -11.716857 -11.718922
2240.0 -11.32843 -11.063813
360.0 -11.883257 -11.91281
2420.0 -10.92988 -10.937893
423.0 -11.720434 -11.802088
348.0 -12.286008 -12.319599
2340.0 -10.944406 -10.984725
777.0 -11.207233 -11.268454
414.0 -11.759969 -11.777318
1590.0 -10.6460085 -10.668954
2010.0 -11.010059 -11.130258
696.0 -11.465739 -11.509206
2380.0 -10.950251 -11.014311
732.0 -11.277413 -11.336091
312.0 -12.140333 -12.109078
315.0 -12.426789 -12.308673
2450.0 -10.2051525 -10.301718
1770.0 -10.532155 -10.529638
1930.0 -10.454718 -10.410368
318.0 -12.413122 -12.302234
1050.0 -11.500888 -11.381828
2240.0 -10.395083 -10.29627
1510.0 -11.1498995 -11.141401
2190.0 -11.333492 -11.056797
324.0 -11.789187 -11.838763
450.0 -11.651033 -11.768933
699.0 -11.5535755 -11.6370535
786.0 -11.413786 -11.45361
1190.0 -11.241237 -11.269018
1420.0 -11.173738 -11.182236
1980.0 -11.048207 -11.099869
2030.0 -11.005785 -11.07632
1410.0 -10.740552 -10.811717
950.0 -11.398611 -11.397779
747.0 -11.381131 -11.290156
507.0 -11.618004 -11.5556755
732.0 -11.259466 -11.235147
768.0 -11.4644985 -11.419156
624.0 -11.57553 -11.478055
2110.0 -10.335263 -10.302498
2410.0 -10.944674 -11.012251
780.0 -11.322558 -11.312438
537.0 -11.634514 -11.566448
1590.0 -10.629355 -10.802329
636.0 -11.504184 -11.513315
423.0 -11.751255 -11.686609
2230.0 -10.287086 -10.303103
1130.0 -10.914137 -11.0204315
2260.0 -10.9594345 -10.955085
798.0 -11.485852 -11.497105
618.0 -11.516414 -11.534502
774.0 -11.572434 -11.512667
1240.0 -11.21822 -11.1989
910.0 -11.090953 -11.17303
1140.0 -11.281858 -11.299739
1150.0 -11.250614 -11.225338
2130.0 -10.985022 -10.9940195
1770.0 -10.549142 -10.536784
387.0 -11.876611 -11.882375
666.0 -11.448414 -11.421437
390.0 -12.1322775 -12.235461
2310.0 -10.949981 -10.989269
351.0 -12.279223 -12.242734
920.0 -11.059455 -11.019004
2300.0 -10.9825945 -10.758842
1810.0 -10.529129 -10.49481
567.0 -11.608332 -11.552433
870.0 -11.370331 -11.420557
525.0 -11.705136 -11.702617
399.0 -12.109205 -12.161922
678.0 -11.604056 -11.565164
531.0 -11.663522 -11.636341
744.0 -11.479384 -11.480373
792.0 -11.389383 -11.381608
699.0 -11.596738 -11.576479
1840.0 -10.514443 -10.660924
681.0 -11.322729 -11.382619
795.0 -11.388065 -11.386449
940.0 -11.040654 -11.095037
750.0 -11.408246 -11.399613
444.0 -11.698351 -11.720882
522.0 -11.526092 -11.495649
1490.0 -11.420483 -11.22893
1520.0 -10.670603 -10.751995
2160.0 -10.978982 -10.999086
1170.0 -10.93178 -10.94035
1330.0 -10.8106365 -10.788378
2460.0 -10.922795 -11.0561495
1590.0 -11.129742 -11.118993
1670.0 -11.09001 -11.099401
1410.0 -11.1629305 -11.177285
1770.0 -11.100342 -11.171017
324.0 -11.885916 -11.863278
306.0 -12.471827 -12.335911
1330.0 -11.211638 -11.26639
681.0 -11.567078 -11.591353
672.0 -11.482114 -11.455286
1610.0 -11.144715 -11.208893
1190.0 -11.235917 -11.237588
429.0 -12.009068 -12.114954
600.0 -11.608016 -11.601615
820.0 -11.160095 -11.130762
1520.0 -10.687105 -10.677007
444.0 -11.973922 -12.000439
390.0 -11.872114 -11.872976
800.0 -11.385877 -11.340413
2260.0 -10.333145 -10.315427
1570.0 -10.59288 -10.467451
369.0 -11.734672 -11.522988
585.0 -11.639768 -11.632439
630.0 -11.412139 -11.43305
498.0 -11.734 -11.838687
1030.0 -11.3588 -11.426233
309.0 -11.808991 -11.646066
1700.0 -11.103454 -11.068913
1270.0 -10.821743 -10.984857
1040.0 -10.952309 -10.964733
2400.0 -11.312983 -10.774424
1630.0 -11.100462 -11.161675
723.0 -11.588663 -11.681398
2320.0 -11.320569 -11.124003
980.0 -11.0042305 -11.169904
850.0 -11.148352 -11.367931
1000.0 -11.310631 -11.5749655
789.0 -11.451878 -11.56812
1290.0 -11.210617 -11.208277
2340.0 -10.302871 -11.028272
540.0 -11.515704 -11.478523
411.0 -11.689303 -11.608004
702.0 -11.434685 -11.275536
519.0 -11.5278425 -11.363221
2440.0 -11.309286 -10.983007
940.0 -11.403851 -11.181952
693.0 -11.558031 -11.374555
1960.0 -11.358426 -11.037408
786.0 -11.314524 -11.293731
2130.0 -10.43174 -10.8911915
1040.0 -11.354068 -11.287372
1530.0 -11.144773 -11.172718
1110.0 -11.29406 -11.235764
681.0 -11.521057 -11.586653
1340.0 -11.184851 -11.384018
405.0 -11.598727 -11.716299
513.0 -11.717738 -11.738819
399.0 -11.735346 -11.770557
1420.0 -11.181957 -11.176861
315.0 -11.999947 -11.853552
1800.0 -11.092502 -11.093098
1530.0 -10.615384 -10.571232
738.0 -11.393932 -11.226132
1710.0 -11.079803 -11.273999
462.0 -11.707742 -11.721717
2490.0 -10.950376 -10.849831
2190.0 -10.360622 -10.651298
408.0 -12.080506 -11.8059435
1670.0 -11.108776 -11.05648
381.0 -12.163183 -11.895929
1900.0 -10.468674 -10.607098
1650.0 -11.095204 -11.298764
2160.0 -10.421539 -10.586238
345.0 -11.762895 -11.828723
588.0 -11.476035 -11.419585
1410.0 -11.1629305 -11.257365
432.0 -11.668279 -11.708142
447.0 -11.706461 -11.696695
489.0 -11.856234 -11.721273
1400.0 -10.746036 -10.679462
1090.0 -11.3311405 -11.1728115
465.0 -11.637168 -11.763372
567.0 -11.553059 -11.534245
960.0 -11.320842 -11.163988
414.0 -11.725909 -11.701473
1900.0 -11.050846 -10.815176
1280.0 -10.830717 -10.985198
378.0 -11.6167145 -11.678395
348.0 -11.770798 -11.795277
489.0 -11.615863 -11.7999
830.0 -11.5559 -11.461718
519.0 -11.711393 -11.688321
2400.0 -10.946525 -10.699983
717.0 -11.496759 -11.52719
2260.0 -10.315518 -10.462627
789.0 -11.412156 -11.558394
1880.0 -11.367815 -11.053144
408.0 -11.692391 -11.665726
2250.0 -10.319396 -10.481438
582.0 -11.460482 -11.576307
750.0 -11.475615 -11.507999
900.0 -11.344154 -11.307268
1980.0 -10.485256 -10.769048
1130.0 -10.949821 -11.203577
672.0 -11.334387 -11.4015465
900.0 -11.100192 -11.289099
306.0 -12.468958 -12.166946
1890.0 -10.473381 -10.665867
432.0 -11.740826 -11.530153
408.0 -12.07337 -11.819858
546.0 -11.683893 -11.491066
345.0 -11.773069 -11.628125
402.0 -11.698634 -11.680544
420.0 -11.829407 -11.693092
1560.0 -11.15956 -10.999083
579.0 -11.465017 -11.5278015
630.0 -11.56494 -11.659203
1790.0 -11.378886 -11.007435
2160.0 -11.336587 -10.936997
300.0 -12.044521 -12.229561
1500.0 -10.68279 -11.116739
495.0 -11.610697 -12.014203
519.0 -11.590622 -11.967047
1700.0 -10.598485 -10.923194
810.0 -11.189464 -11.46151
940.0 -11.32848 -11.293462
1540.0 -10.675145 -10.831698
633.0 -11.548008 -11.493022
330.0 -11.781511 -11.750118
1490.0 -11.160195 -10.903903
570.0 -11.605798 -11.429396
402.0 -11.785894 -11.607274
750.0 -11.256107 -11.051868
1000.0 -11.373311 -11.076692
354.0 -11.752095 -11.669463
597.0 -11.624873 -11.380609
627.0 -11.570219 -11.358752
366.0 -11.909359 -11.802261
462.0 -11.92498 -11.83395
399.0 -12.102358 -12.025398
1940.0 -11.025359 -10.769111
795.0 -11.408916 -11.750338
528.0 -11.583327 -11.84226
336.0 -11.773969 -11.971722
1220.0 -10.853303 -11.050397
360.0 -11.919154 -12.04228
2200.0 -10.339074 -10.515403
1760.0 -11.382706 -11.080396
753.0 -11.359703 -11.464601
1000.0 -11.512229 -11.345556
603.0 -11.526875 -11.633151
792.0 -11.566981 -11.462088
600.0 -11.6336 -11.566229
411.0 -12.071135 -12.037024
1690.0 -10.60291 -10.681645
591.0 -11.636234 -11.681822
1680.0 -11.087436 -10.987238
1010.0 -10.977881 -10.989752
366.0 -11.738101 -11.589972
900.0 -11.39063 -11.342045
2470.0 -10.93373 -10.590158
543.0 -11.658017 -11.632408
1900.0 -10.485863 -10.499088
1320.0 -11.448143 -11.227388
1690.0 -11.10578 -11.127263
1880.0 -11.063569 -11.029776
384.0 -11.826293 -12.008163
1020.0 -10.969274 -11.097393
2330.0 -10.973158 -11.02904
498.0 -11.671068 -11.7955
606.0 -11.524762 -11.708467
1860.0 -11.043532 -11.088831
2090.0 -11.023199 -11.0945015
654.0 -11.358184 -11.475035
1990.0 -10.427521 -10.626684
810.0 -11.561662 -11.510017
663.0 -11.449913 -11.459028
543.0 -11.571435 -11.543486
456.0 -11.723941 -11.769515
2440.0 -10.958627 -10.697123
1100.0 -10.991088 -10.924432
2210.0 -10.969098 -11.251159
1960.0 -11.020933 -11.23976
1500.0 -11.178067 -11.134905
600.0 -11.58123 -11.447781
840.0 -11.422666 -11.283887
920.0 -11.346389 -11.261845
1510.0 -11.417448 -11.085915
645.0 -11.498196 -11.446541
633.0 -11.506198 -11.484321
2460.0 -11.307462 -10.6530905
444.0 -11.797878 -11.69627
447.0 -11.692423 -11.768006
390.0 -11.711396 -11.712721
820.0 -11.178954 -11.2779665
2050.0 -11.348326 -10.963441
360.0 -11.975681 -12.0778475
717.0 -11.54047 -11.683437
1170.0 -11.47586 -11.472042
501.0 -11.60559 -11.9606695
1900.0 -11.034351 -11.640552
447.0 -11.653861 -11.764714
840.0 -11.158402 -11.355468
2480.0 -11.305652 -11.015914
2080.0 -10.3884 -10.775877
693.0 -11.512807 -11.39215
1250.0 -11.239838 -11.198271
1150.0 -10.900135 -10.920172
579.0 -11.642283 -11.387464
1940.0 -11.051043 -10.914324
768.0 -11.352001 -11.250817
1810.0 -11.376377 -11.122855
486.0 -11.61847 -11.30057
1760.0 -10.572537 -10.750575
549.0 -11.680939 -11.46989
960.0 -11.393434 -11.303566
405.0 -11.850267 -11.638969
1300.0 -10.816085 -11.021638
465.0 -11.637168 -11.625012
2090.0 -10.993208 -10.99976
405.0 -11.731523 -11.785913
1440.0 -10.720506 -10.777896
2150.0 -10.318905 -10.701319
1480.0 -11.157703 -11.258008
654.0 -11.523848 -11.511622
1230.0 -11.228734 -11.351676
1640.0 -11.097825 -11.441553
735.0 -11.44246 -11.77948
1770.0 -11.381426 -10.893431
516.0 -11.653818 -11.777074
1390.0 -11.214175 -11.279609
528.0 -11.66492 -11.718882
345.0 -12.023593 -12.077477
2080.0 -10.405827 -10.370467
555.0 -11.562149 -11.631273
1160.0 -10.924556 -10.658718
1400.0 -10.692827 -10.433539
684.0 -11.51898 -11.489592
300.0 -12.030255 -11.992184
980.0 -11.351277 -11.356018
850.0 -11.12866 -11.053661
723.0 -11.449491 -11.467884
501.0 -11.668145 -11.598764
2490.0 -10.917557 -11.157663
534.0 -11.578531 -11.445662
950.0 -11.324645 -11.3215885
702.0 -11.462076 -11.391005
648.0 -11.544582 -11.518795
711.0 -11.28496 -11.369578
1940.0 -10.467365 -10.614966
1420.0 -11.204028 -11.318762
1030.0 -11.295083 -11.320584
765.0 -11.238837 -11.414371
1810.0 -11.055289 -11.079928
1580.0 -11.113891 -11.168496
780.0 -11.570601 -11.4991455
1360.0 -10.768431 -10.905345
1070.0 -11.281 -11.229155
2170.0 -11.006094 -10.975721
1620.0 -10.629024 -10.737608
1480.0 -10.644359 -10.616747
1600.0 -10.576378 -10.58864
2140.0 -11.338675 -11.015493
429.0 -11.671221 -11.388017
468.0 -11.900463 -11.983026
840.0 -11.368729 -11.331878
390.0 -11.608669 -11.568768
750.0 -11.363934 -11.318086
2360.0 -10.29548 -10.373079
2200.0 -10.985302 -11.062376
720.0 -11.291986 -11.360128
1380.0 -10.7762375 -10.74274
2020.0 -11.038946 -11.14072
1410.0 -11.207384 -11.331183
735.0 -11.52774 -11.60359
474.0 -11.6848 -11.675675
471.0 -11.764822 -11.88678
2370.0 -11.315797 -10.8926325
1480.0 -11.422016 -11.274143
2420.0 -10.961971 -10.768795
2060.0 -10.456175 -10.536407
2000.0 -11.027883 -11.153313
2390.0 -10.284521 -10.651093
675.0 -11.525242 -11.631032
312.0 -12.440647 -12.565347
651.0 -11.516962 -11.660141
810.0 -11.478303 -11.607921
495.0 -11.6026945 -11.658104
552.0 -11.535731 -11.601646
396.0 -11.863252 -11.903749
549.0 -11.720231 -11.74086
1160.0 -11.25085 -11.227682
1250.0 -11.222612 -11.183174
606.0 -11.59679 -11.524767
321.0 -12.106788 -12.075883
880.0 -11.365436 -11.29208
378.0 -11.749269 -11.668413
2430.0 -10.928098 -10.997729
417.0 -11.683191 -11.379391
702.0 -11.447183 -11.365568
663.0 -11.533732 -11.484308
1000.0 -10.986576 -11.017921
1660.0 -10.544283 -10.591769
1570.0 -11.116627 -11.217712
312.0 -12.005856 -12.075936
1430.0 -11.171024 -11.217328
450.0 -11.790323 -11.876663
339.0 -11.936361 -11.930036
705.0 -11.460256 -11.5281315
800.0 -11.29607 -11.295019
771.0 -11.573356 -11.550151
1120.0 -11.289954 -11.338525
774.0 -11.397374 -11.379215
573.0 -11.6604185 -11.597876
1730.0 -10.585384 -10.6101885
471.0 -11.901473 -11.880521
2360.0 -10.954008 -11.007178
850.0 -11.550284 -11.471416
1590.0 -11.111172 -11.1268
405.0 -11.772884 -11.715305
549.0 -11.511723 -11.452333
795.0 -11.315982 -11.252949
327.0 -11.785333 -11.540413
1590.0 -11.111172 -11.130599
342.0 -11.858192 -11.886715
1700.0 -10.568559 -10.630608
588.0 -11.641971 -11.642894
1670.0 -11.09001 -11.235403
561.0 -11.684763 -11.73659
588.0 -11.537593 -11.679966
1260.0 -11.2195835 -11.273138
1480.0 -11.163239 -11.254331
910.0 -11.163788 -11.177134
2190.0 -10.973024 -10.956154
850.0 -11.454031 -11.475083
666.0 -11.361597 -11.356756
546.0 -11.656662 -11.605853
372.0 -11.753411 -11.750163
1160.0 -11.4778385 -11.305253
2010.0 -11.3527565 -11.05476
1250.0 -10.791712 -10.656248
1260.0 -11.211338 -11.187369
920.0 -11.346389 -11.326436
1400.0 -11.165995 -11.230898
1120.0 -11.317937 -11.386568
1970.0 -10.453771 -10.487039
723.0 -11.492838 -11.531163
615.0 -11.518485 -11.62026
1800.0 -11.377628 -11.14966
489.0 -11.846977 -11.815323
1510.0 -11.154173 -11.2242
510.0 -11.80621 -11.769598
381.0 -11.913156 -11.936573
555.0 -11.530563 -11.545001
1450.0 -10.714095 -10.815975
1180.0 -11.244418 -11.286032
1310.0 -10.750797 -10.707607
2340.0 -10.245153 -10.357989
360.0 -11.745042 -11.75569
342.0 -12.314802 -12.253008
744.0 -11.263138 -11.33845
354.0 -11.752095 -11.616234
890.0 -11.109557 -11.214135
1780.0 -10.544091 -10.601442
2150.0 -11.337628 -11.122317
426.0 -12.0256605 -12.063609
1050.0 -11.036273 -11.064847
354.0 -12.262468 -12.3042345
830.0 -11.168602 -11.238036
507.0 -11.724173 -11.801575
2250.0 -10.279309 -10.346543
1820.0 -11.3751335 -11.162165
1100.0 -11.270722 -11.306558
726.0 -11.587675 -11.591997
1140.0 -10.941312 -10.915629
795.0 -11.566086 -11.561064
732.0 -11.487021 -11.552927
1000.0 -11.069399 -11.047468
1110.0 -11.322294 -11.422619
327.0 -11.785333 -11.805339
435.0 -11.579256 -11.599217
1340.0 -11.196067 -11.213351
549.0 -11.566767 -11.648179
1950.0 -10.403962 -10.331521
1560.0 -10.6633625 -10.602746
327.0 -11.651642 -11.608763
516.0 -11.566176 -11.45772
1240.0 -10.798722 -10.653573
600.0 -11.482522 -11.472566
486.0 -11.61847 -11.628212
1850.0 -10.492493 -10.459242
1970.0 -10.488983 -10.444607
786.0 -11.215359 -11.224579
624.0 -11.563963 -11.469612
1170.0 -11.243203 -11.3513775
2280.0 -11.324464 -11.109855
789.0 -11.212068 -11.2623005
2080.0 -11.0254135 -11.146084
2120.0 -10.389089 -10.470545
1680.0 -10.533843 -10.573827
339.0 -12.322431 -12.332385
1540.0 -11.124941 -11.183054
2090.0 -10.38417 -10.477827
2060.0 -10.396928 -10.482012
522.0 -11.768915 -11.772134
1990.0 -11.040871 -11.100862
1200.0 -10.907636 -10.947092
1490.0 -11.139162 -11.191956
534.0 -11.662133 -11.6068
300.0 -12.498094 -12.373906
1650.0 -11.133192 -11.191824
1940.0 -10.45012 -10.471862
1780.0 -10.527087 -10.562176
2290.0 -10.981109 -11.061249
2350.0 -10.24144 -10.31715
639.0 -11.462079 -11.395562
1970.0 -11.050553 -11.067592
2050.0 -11.01684 -11.055291
465.0 -11.917075 -11.900446
1710.0 -11.09813 -11.082474
471.0 -11.556656 -11.4515085
321.0 -11.984615 -11.914952
516.0 -11.792422 -11.775633
1400.0 -11.179215 -11.124408
702.0 -11.314432 -11.308489
615.0 -11.474558 -11.430886
495.0 -11.542062 -11.492408
1710.0 -11.10114 -11.078655
2370.0 -10.35424 -10.29824
435.0 -11.999423 -12.10203
777.0 -11.326606 -11.296736
462.0 -11.698155 -11.780366
1850.0 -11.069969 -11.076415
1120.0 -10.973696 -10.985991
537.0 -11.517422 -11.523716
696.0 -11.597769 -11.58643
2360.0 -10.357293 -10.312417
732.0 -11.444207 -11.441994
357.0 -12.250912 -12.344824
510.0 -11.533132 -11.532245
561.0 -11.65001 -11.673718
597.0 -11.636122 -11.690298
780.0 -11.497422 -11.514181
786.0 -11.493531 -11.500208
765.0 -11.356101 -11.244285
438.0 -11.71033 -11.667748
1590.0 -11.150593 -11.202728
2370.0 -10.938902 -10.719137
555.0 -11.675087 -11.688293
387.0 -11.714645 -11.66246
820.0 -11.270397 -11.278598
2490.0 -11.304752 -11.085619
417.0 -11.7583475 -11.7700205
2220.0 -10.348729 -10.613082
507.0 -11.600543 -11.665342
2110.0 -10.438629 -10.617996
1370.0 -11.18756 -11.245757
2300.0 -10.3178625 -10.448364
1580.0 -10.653641 -10.708797
940.0 -11.337169 -11.431716
1670.0 -10.584685 -10.608487
2170.0 -10.976987 -10.965802
423.0 -11.74102 -11.711924
510.0 -11.576454 -11.512818
1750.0 -10.5593405 -10.479511
1010.0 -11.368421 -11.356734
2060.0 -10.3561535 -10.339553
336.0 -11.780026 -11.772108
1160.0 -10.939991 -10.909878
786.0 -11.453659 -11.406296
1140.0 -10.9071 -10.959661
1960.0 -10.492732 -10.349346
2350.0 -10.942563 -11.010751
2360.0 -10.237742 -10.347952
2140.0 -10.322966 -10.336608
792.0 -11.410534 -11.386336
345.0 -11.920855 -11.95422
711.0 -11.456637 -11.33326
672.0 -11.573986 -11.636922
498.0 -11.608136 -11.42237
657.0 -11.518847 -11.392568
606.0 -11.576478 -11.653247
750.0 -11.376907 -11.241872
1610.0 -10.570946 -10.315891
711.0 -11.456637 -11.557381
1360.0 -11.178474 -11.338949
438.0 -11.734007 -11.855902
1890.0 -11.061456 -11.031953
783.0 -11.495473 -11.600576
950.0 -11.055196 -11.220733
1650.0 -10.620912 -10.701056
960.0 -11.328141 -11.295729
666.0 -11.491926 -11.555883
330.0 -11.781511 -11.427642
1080.0 -11.277548 -11.205079
462.0 -11.710665 -11.713707
570.0 -11.478766 -11.442971
411.0 -11.766378 -11.754252
2490.0 -10.930143 -11.038947
2180.0 -11.334518 -11.057368
333.0 -11.95215 -11.945643
860.0 -11.221314 -11.234993
501.0 -11.817791 -11.864792
2290.0 -10.984358 -11.091282
759.0 -11.245694 -11.3065195
950.0 -11.332632 -11.343559
820.0 -11.558762 -11.49638
1320.0 -10.817697 -10.997227
2040.0 -11.034389 -11.124761
705.0 -11.310641 -11.321756
840.0 -11.553074 -11.478355
1430.0 -11.156865 -11.129995
940.0 -11.145487 -11.076056
597.0 -11.613685 -11.607636
708.0 -11.43807 -11.344955
324.0 -12.386342 -12.362267
1520.0 -11.415946 -11.218095
1600.0 -11.108469 -11.225795
2400.0 -10.959583 -11.103064
375.0 -11.75133 -11.800034
2420.0 -10.339183 -10.361978
504.0 -11.623833 -11.663743
1470.0 -11.42356 -11.26551
1180.0 -10.879663 -10.963291
528.0 -11.583327 -11.767927
2390.0 -10.967036 -10.922655
510.0 -11.659493 -11.6826935
970.0 -11.388316 -11.467272
930.0 -11.050003 -11.027929
2430.0 -10.928098 -10.867938
920.0 -11.414519 -11.457743
753.0 -11.432122 -11.529606
696.0 -11.465739 -11.529361
756.0 -11.355494 -11.318085
363.0 -11.966437 -11.987077
2070.0 -11.346144 -11.04702
372.0 -11.815517 -11.663902
621.0 -11.569347 -11.549064
303.0 -11.920605 -11.778506
1820.0 -10.46408 -10.416227
2320.0 -10.2926445 -10.325776
300.0 -11.925789 -11.871444
537.0 -11.576153 -11.616578
1120.0 -10.887581 -10.880005
2060.0 -10.999451 -11.109016
1470.0 -11.144983 -11.266361
1820.0 -10.547568 -10.564982
1580.0 -11.132212 -11.156933
2210.0 -10.335099 -10.328953
627.0 -11.622917 -11.590817
1230.0 -11.247182 -11.31467
2270.0 -10.31166 -10.324012
2280.0 -10.969374 -11.048823
372.0 -11.9393425 -12.072725
2200.0 -11.33247 -11.059259
570.0 -11.666441 -11.7348585
1930.0 -11.02759 -11.0545025
327.0 -11.9770155 -11.943647
537.0 -11.562137 -11.509066
615.0 -11.627601 -11.53131
564.0 -11.68929 -11.637443
980.0 -11.319298 -11.282251
546.0 -11.569095 -11.469186
396.0 -12.112226 -12.202093
2470.0 -10.324462 -10.327158
1200.0 -10.892051 -10.903519
756.0 -11.578026 -11.531496
1350.0 -11.228081 -11.306432
1930.0 -11.02759 -11.110536
1640.0 -10.601145 -10.594727
2460.0 -10.935535 -10.963396
1680.0 -10.607365 -10.589202
459.0 -11.9243965 -11.988149
1820.0 -10.524203 -10.4740925
411.0 -11.594789 -11.583519
456.0 -11.941001 -11.930101
2140.0 -10.982999 -11.090086
660.0 -11.513877 -11.379538
1150.0 -10.864499 -10.791455
417.0 -11.816465 -11.824114
570.0 -11.646112 -11.627607
783.0 -11.4154215 -11.518101
1720.0 -11.09551 -11.15443
672.0 -11.49428 -11.417914
507.0 -11.600543 -11.522239
1350.0 -10.774149 -10.802618
741.0 -11.376755 -11.370614
633.0 -11.620612 -11.594748
1560.0 -11.139471 -11.209213
798.0 -11.407306 -11.502357
2080.0 -10.995279 -11.050019
627.0 -11.510256 -11.547839
1430.0 -11.429849 -11.249383
1890.0 -10.490556 -10.515608
690.0 -11.599845 -11.533175
1620.0 -11.401474 -11.198013
1710.0 -11.116458 -11.184651
800.0 -11.564602 -11.517049
501.0 -11.827304 -11.97907
1040.0 -11.323933 -11.386132
2390.0 -10.93527 -10.953735
2450.0 -11.308372 -11.04582
699.0 -11.432224 -11.445711
414.0 -11.824074 -11.934099
2340.0 -10.285164 -10.373887
306.0 -11.813063 -11.760544
615.0 -11.58022 -11.609201
585.0 -11.480824 -11.520664
414.0 -11.837638 -11.885457
1050.0 -10.973241 -11.06825
2140.0 -10.428322 -10.391892
910.0 -11.340185 -11.326768
732.0 -11.402576 -11.298962
561.0 -11.55758 -11.57029
513.0 -11.595554 -11.596405
774.0 -11.4608555 -11.451194
1230.0 -11.221702 -11.218259
1280.0 -10.815605 -10.82578
735.0 -11.44246 -11.383866
1180.0 -10.90814 -10.905512
2130.0 -10.327045 -10.326147
714.0 -11.299389 -11.312546
708.0 -11.427903 -11.412887
690.0 -11.311225 -11.276838
2010.0 -11.010059 -11.082311
800.0 -11.200135 -11.227104
1950.0 -10.445548 -10.460899
2250.0 -10.975279 -11.072506
890.0 -11.395808 -11.404428
1780.0 -10.56411 -10.542825
765.0 -11.401422 -11.37718
798.0 -11.407306 -11.360872
369.0 -11.861456 -11.757771
798.0 -11.565194 -11.505244
621.0 -11.471409 -11.463178
771.0 -11.503322 -11.534444
2440.0 -10.926323 -11.118976
651.0 -11.613839 -11.60424
372.0 -11.620766 -11.594669
2270.0 -10.987906 -10.907602
1330.0 -10.7375765 -10.637581
777.0 -11.459045 -11.491122
1260.0 -10.784758 -10.694505
1310.0 -10.797523 -10.826782
657.0 -11.53804 -11.584443
426.0 -11.82132 -11.897704
591.0 -11.471276 -11.502591
880.0 -11.436663 -11.514506
750.0 -11.433828 -11.419392
1280.0 -11.204563 -11.267821
468.0 -11.694919 -11.697903
360.0 -12.244922 -12.124572
1530.0 -10.681103 -10.6425905
306.0 -11.804908 -11.831249
342.0 -11.641271 -11.578817
970.0 -11.323697 -11.294874
950.0 -11.524192 -11.44139
729.0 -11.488952 -11.494432
2470.0 -10.953657 -10.928844
910.0 -11.385512 -11.41587
1910.0 -10.511798 -10.583715
306.0 -12.026979 -12.0123005
699.0 -11.451776 -11.440697
624.0 -11.512299 -11.575028
2100.0 -10.339401 -10.430627
675.0 -11.330483 -11.403604
1420.0 -11.159887 -11.204326
2100.0 -11.006071 -11.051881
1790.0 -10.539073 -10.586002
1210.0 -11.228751 -11.235372
2190.0 -10.973024 -10.980337
558.0 -11.559858 -11.396728
2270.0 -10.385431 -10.394257
609.0 -11.477728 -11.4132185
2150.0 -10.980986 -11.009172
366.0 -11.738101 -11.65378
720.0 -11.451266 -11.377126
1370.0 -10.766874 -10.8255825
1070.0 -11.281589 -11.281467
639.0 -11.618331 -11.621379
2230.0 -10.965206 -11.004817
840.0 -11.245493 -11.272057
2200.0 -10.298882 -10.307926
471.0 -11.6317425 -11.606863
420.0 -11.680168 -11.642199
477.0 -11.626385 -11.752501
1710.0 -11.389225 -11.234384
657.0 -11.490338 -11.652634
714.0 -11.429055 -11.3939085
768.0 -11.423692 -11.470782
1060.0 -11.28562 -11.420556
1240.0 -11.268768 -11.34872
564.0 -11.555313 -11.600448
1420.0 -10.7497425 -10.69268
2450.0 -10.330311 -10.279291
777.0 -11.418711 -11.40596
603.0 -11.630821 -11.58888
495.0 -11.674009 -11.590222
1930.0 -10.504106 -10.458339
642.0 -11.548999 -11.466967
2030.0 -11.35053 -11.056655
384.0 -12.152768 -12.213351
609.0 -11.574121 -11.556123
1060.0 -10.965564 -11.107589
1750.0 -11.069831 -11.092291
459.0 -11.71094 -11.759136
741.0 -11.266679 -11.383877
609.0 -11.625583 -11.729409
609.0 -11.443373 -11.487033
810.0 -11.283135 -11.303001
1770.0 -11.082636 -11.126006
1080.0 -11.494356 -11.353345
690.0 -11.469435 -11.336831
1060.0 -11.28562 -11.250371
417.0 -12.052673 -12.034016
477.0 -11.690151 -11.7064495
324.0 -11.789651 -11.832973
480.0 -11.689022 -11.694006
2380.0 -10.963418 -10.904728
396.0 -11.737282 -11.778636
1400.0 -11.165995 -11.185227
1190.0 -10.872976 -10.979824
519.0 -11.595142 -11.543604
1330.0 -11.188075 -11.2241955
738.0 -11.44072 -11.363183
621.0 -11.580875 -11.478491
2220.0 -10.290999 -10.342483
444.0 -11.727292 -11.717958
435.0 -11.713337 -11.741132
870.0 -11.108318 -11.153492
1820.0 -11.070132 -11.168774
792.0 -11.450105 -11.480373
1400.0 -10.76288 -10.822062
540.0 -11.689861 -11.727724
648.0 -11.592947 -11.607908
711.0 -11.433551 -11.368349
684.0 -11.564799 -11.545953
2130.0 -10.384958 -10.414834
800.0 -11.30948 -11.243784
2040.0 -10.364653 -10.322718
729.0 -11.406932 -11.357555
2290.0 -10.263963 -10.319125
1590.0 -11.405716 -11.21808
492.0 -11.613272 -11.562374
561.0 -11.55758 -11.458113
1060.0 -11.498689 -11.424438
771.0 -11.422025 -11.533818
702.0 -11.551364 -11.648335
2200.0 -10.408178 -10.461738
504.0 -11.676435 -11.739128
2140.0 -11.012289 -11.151945
777.0 -11.225324 -11.333799
321.0 -11.7930765 -11.591244
594.0 -11.533274 -11.594955
850.0 -11.38029 -11.490936
516.0 -11.593081 -11.519364
387.0 -11.795628 -11.755863
1450.0 -10.719058 -10.69746
315.0 -12.430145 -12.3132305
582.0 -11.4922495 -11.499102
2220.0 -10.981265 -11.063834
303.0 -11.668299 -11.643247
759.0 -11.42873 -11.5364685
630.0 -11.553293 -11.605917
327.0 -12.373221 -12.383824
1340.0 -10.787597 -10.78093
345.0 -12.2979965 -12.325489
465.0 -11.696531 -11.631915
363.0 -12.2282095 -12.264794
378.0 -11.921787 -11.946289
441.0 -11.70432 -11.6590805
2170.0 -10.35112 -10.280394
2160.0 -11.007956 -10.924041
1300.0 -11.451641 -11.244928
381.0 -11.721219 -11.661787
735.0 -11.4851 -11.492862
830.0 -11.257853 -11.195983
792.0 -11.306565 -11.286906
1550.0 -10.669232 -10.638291
543.0 -11.732922 -11.833988
1380.0 -10.760084 -10.820964
1050.0 -11.287987 -11.347471
486.0 -11.659806 -11.69045
930.0 -11.141856 -11.1461
2250.0 -10.9613495 -11.002417
738.0 -11.483186 -11.574629
717.0 -11.424584 -11.407322
2090.0 -10.445592 -10.424999
594.0 -11.630535 -11.619431
1630.0 -10.630099 -10.596078
564.0 -11.502171 -11.544878
759.0 -11.227751 -11.197587
1150.0 -11.305119 -11.375456
1930.0 -11.043828 -11.102592
1410.0 -11.433063 -11.269581
663.0 -11.508935 -11.45141
597.0 -11.583626 -11.589447
1380.0 -11.1949 -11.247365
498.0 -11.824999 -11.858204
1130.0 -10.879818 -10.849242
2310.0 -10.296411 -10.324095
1130.0 -11.285888 -11.336905
465.0 -11.560364 -11.563288
2460.0 -10.2417145 -10.322079
756.0 -11.471878 -11.4977665
1130.0 -11.483887 -11.3537855
830.0 -11.372956 -11.377939
2070.0 -11.025072 -11.030117
756.0 -11.249148 -11.254953
1980.0 -11.042886 -11.0612545
1580.0 -10.6517515 -10.638383
678.0 -11.326597 -11.294037
717.0 -11.45305 -11.444852
528.0 -11.765478 -11.767142
1430.0 -10.729718 -10.76677
1740.0 -10.581075 -10.569752
1710.0 -10.518415 -10.511926
1210.0 -11.2349415 -11.238603
642.0 -11.5978155 -11.615
2160.0 -10.355177 -10.354161
1780.0 -11.062499 -11.089015
1710.0 -10.563255 -10.557362
675.0 -11.349506 -11.360148
705.0 -11.430085 -11.408375
747.0 -11.368185 -11.328783
531.0 -11.572973 -11.553044
354.0 -11.633024 -11.611169
750.0 -11.517402 -11.559438
1820.0 -10.507135 -10.539156
1290.0 -10.839257 -10.856406
1360.0 -11.178474 -11.19544
543.0 -11.513993 -11.528587
435.0 -11.809449 -11.831357
1370.0 -11.221072 -11.291713
2360.0 -10.277755 -10.291379
654.0 -11.511896 -11.537784
312.0 -11.804957 -11.594435
1230.0 -11.272661 -11.319712
1000.0 -11.305943 -11.305362
711.0 -11.592664 -11.5589075
860.0 -11.138446 -11.181274
333.0 -12.064115 -12.112603
765.0 -11.4253645 -11.454364
504.0 -11.586856 -11.5761
1700.0 -10.585424 -10.568501
2120.0 -10.987054 -11.00323
612.0 -11.476141 -11.510047
1990.0 -11.014376 -11.050434
702.0 -11.50672 -11.542967
1440.0 -11.42826 -11.239912
603.0 -11.613661 -11.569315
1030.0 -10.988859 -11.022698
1170.0 -10.886418 -10.905715
2400.0 -10.933466 -10.868658
1730.0 -11.386594 -11.172634
714.0 -11.45484 -11.640619
741.0 -11.481281 -11.570403
762.0 -11.468173 -11.552985
2180.0 -11.004241 -11.021977
627.0 -11.610224 -11.645147
1910.0 -11.032085 -11.087917
1750.0 -11.092006 -11.081789
1950.0 -10.496501 -10.508028
690.0 -11.469435 -11.52615
417.0 -11.683191 -11.641995
330.0 -12.364384 -12.205893
660.0 -11.501853 -11.460085
573.0 -11.603278 -11.540815
1260.0 -10.861411 -10.866291
342.0 -12.310137 -12.304661
303.0 -12.486119 -12.335044
1990.0 -10.386271 -10.413807
513.0 -11.595554 -11.52365
714.0 -11.45484 -11.460041
1960.0 -10.399506 -10.470583
1660.0 -11.092599 -11.204773
1310.0 -11.242443 -11.36201
336.0 -11.960517 -12.054848
435.0 -11.772349 -11.899215
384.0 -12.159104 -12.229041
1550.0 -10.604059 -10.566518
759.0 -11.351305 -11.318387
2460.0 -10.922795 -10.820474
348.0 -11.849322 -11.730836
336.0 -11.867243 -11.7484255
630.0 -11.508223 -11.393025
756.0 -11.513333 -11.490757
1450.0 -11.150884 -11.161676
1010.0 -11.509913 -11.396349
2190.0 -10.987335 -11.072477
753.0 -11.252619 -11.329877
1950.0 -10.462808 -10.52933
699.0 -11.43931 -11.488134
756.0 -11.430423 -11.59979
2070.0 -10.452628 -10.461743
624.0 -11.624079 -11.645865
324.0 -12.095906 -12.143353
1200.0 -11.284554 -11.332976
1040.0 -11.29152 -11.265562
660.0 -11.451418 -11.433755
1450.0 -11.150884 -11.104705
2410.0 -10.957678 -11.008219
648.0 -11.496218 -11.512327
513.0 -11.5713005 -11.478281
1630.0 -11.12 -11.027791
663.0 -11.365674 -11.320236
393.0 -12.122197 -12.068043
357.0 -11.764118 -11.75302
549.0 -11.655315 -11.612295
792.0 -11.4896755 -11.492753
2110.0 -10.375777 -10.375494
348.0 -11.913204 -11.864215
1390.0 -11.169081 -11.1591425
555.0 -11.502178 -11.494056
795.0 -11.48776 -11.544096
1720.0 -11.077289 -11.07906
890.0 -11.34816 -11.356982
609.0 -11.522659 -11.518834
384.0 -11.71792 -11.789309
402.0 -12.092595 -12.161671
810.0 -11.439611 -11.471969
1280.0 -10.771013 -10.742234
1030.0 -11.297945 -11.278735
504.0 -11.727425 -11.745929
1150.0 -10.948287 -10.948592
693.0 -11.467584 -11.5026865
411.0 -11.689303 -11.53309
498.0 -11.67941 -11.649341
606.0 -11.628195 -11.614111
786.0 -11.327817 -11.261015
357.0 -11.836342 -11.834156
585.0 -11.539769 -11.615988
1010.0 -11.306361 -11.296466
2230.0 -10.344805 -10.386266
1550.0 -11.411503 -11.233331
1100.0 -11.269712 -11.278979
2450.0 -10.263051 -10.280203
315.0 -12.001314 -11.976444
2340.0 -10.971192 -11.092342
567.0 -11.553059 -11.689108
1530.0 -11.148232 -11.226806
693.0 -11.435127 -11.454639
1880.0 -10.523508 -10.51837
2310.0 -10.963548 -11.0305195
1760.0 -10.493296 -10.439741
600.0 -11.457189 -11.437282
2440.0 -10.208714 -10.255293
1180.0 -11.239545 -11.187821
1340.0 -10.779916 -10.766504
462.0 -11.639906 -11.470781
1330.0 -10.785733 -10.787285
2100.0 -11.342911 -11.036505
324.0 -11.653722 -11.634858
1920.0 -11.029832 -11.04984
2210.0 -10.998728 -10.9713545
1280.0 -11.213586 -11.243171
594.0 -11.442574 -11.495196
1090.0 -11.273635 -11.330494
1990.0 -11.014376 -11.116407
2070.0 -11.0125 -11.120535
756.0 -11.430423 -11.498051
1320.0 -11.238808 -11.347397
387.0 -11.896175 -11.929701
540.0 -11.659381 -11.680194
1380.0 -10.757139 -10.725633
684.0 -11.439515 -11.427317
402.0 -11.600705 -11.562048
2140.0 -10.982999 -10.935746
1340.0 -11.184851 -11.136535
1550.0 -11.122152 -11.061834
474.0 -11.629056 -11.621404
480.0 -11.688584 -11.65014
633.0 -11.465169 -11.435015
2140.0 -11.011702 -10.956065
558.0 -11.497445 -11.471477
1150.0 -11.250614 -11.296775
342.0 -11.775365 -11.836136
1310.0 -11.194595 -11.185806
970.0 -11.323697 -11.392849
2370.0 -10.965349 -11.036836
1140.0 -11.254367 -11.280256
708.0 -11.546974 -11.538433
462.0 -11.9163475 -11.851822
561.0 -11.66931 -11.624197
741.0 -11.523575 -11.505934
573.0 -11.657973 -11.61938
723.0 -11.536185 -11.526611
681.0 -11.475037 -11.399837
627.0 -11.468279 -11.443369
810.0 -11.170832 -11.1986065
693.0 -11.448637 -11.412476
1710.0 -11.079803 -11.082057
1310.0 -11.449885 -11.330048
459.0 -11.932955 -11.992522
1000.0 -11.310631 -11.342015
753.0 -11.4737425 -11.557647
393.0 -12.128844 -12.170935
387.0 -11.743195 -11.868596
2250.0 -10.991484 -11.00222
657.0 -11.611628 -11.634403
2270.0 -10.9713335 -11.057579
489.0 -11.615863 -11.542067
447.0 -11.965578 -11.9241495
1930.0 -10.412945 -10.377323
738.0 -11.413779 -11.396012
786.0 -11.197153 -11.200909
369.0 -11.948271 -11.931392
1270.0 -11.216575 -11.194792
609.0 -11.522659 -11.573256
1760.0 -10.554225 -10.533966
1620.0 -11.122415 -11.076497
1150.0 -10.932891 -10.93927
642.0 -11.532345 -11.466658
366.0 -11.868662 -11.835623
720.0 -11.407453 -11.360834
399.0 -11.792499 -11.7843685
2470.0 -10.198073 -10.268213
546.0 -11.512287 -11.521518
456.0 -11.932517 -12.011244
726.0 -11.266674 -11.306477
495.0 -11.610697 -11.66915
414.0 -11.686236 -11.712558
2210.0 -10.352674 -10.352677
591.0 -11.535428 -11.564443
2200.0 -10.999548 -11.042574
1770.0 -11.064929 -11.03088
980.0 -11.029556 -11.090726
534.0 -11.567534 -11.504788
498.0 -11.540264 -11.461233
2130.0 -11.013586 -10.961815
375.0 -11.811467 -11.731882
720.0 -11.494795 -11.447345
798.0 -11.312075 -11.24691
1750.0 -11.069831 -11.057867
657.0 -11.3738985 -11.417479
420.0 -11.722244 -11.746058
648.0 -11.366263 -11.402197
435.0 -11.991492 -12.064143
2000.0 -11.043552 -11.112856
880.0 -11.3522 -11.344511
549.0 -11.566767 -11.496557
456.0 -11.782891 -11.818309
435.0 -11.716382 -11.702045
990.0 -11.3466 -11.364079
1640.0 -11.1360445 -11.193544
561.0 -11.492738 -11.478165
522.0 -11.588177 -11.506924
789.0 -11.412156 -11.378564
405.0 -11.77934 -11.7520075
657.0 -11.585742 -11.603519
1100.0 -10.903316 -10.901264
654.0 -11.378047 -11.404522
2170.0 -11.33555 -11.078997
732.0 -11.444207 -11.573777
2060.0 -11.347232 -11.095706
2160.0 -10.372697 -10.347193
1280.0 -11.229048 -11.317975
1650.0 -11.397314 -11.242651
441.0 -11.709872 -11.784641
1270.0 -11.207937 -11.360492
1160.0 -10.893242 -10.988287
468.0 -11.558507 -11.619208
1020.0 -11.363584 -11.437488
2100.0 -10.991147 -11.112822
429.0 -11.671221 -11.706625
381.0 -11.885735 -11.828384
543.0 -11.629151 -11.565363
2070.0 -10.410068 -10.307151
870.0 -11.3562765 -11.299358
1280.0 -11.204563 -11.171298
591.0 -11.447016 -11.422684
2150.0 -10.424922 -10.56136
636.0 -11.504184 -11.420173
1080.0 -11.306612 -11.332095
453.0 -11.940711 -11.921523
860.0 -11.375281 -11.452294
399.0 -11.858883 -11.877309
408.0 -11.84602 -11.871123
333.0 -11.871839 -11.847242
970.0 -11.519328 -11.495022
880.0 -11.197822 -11.320171
429.0 -11.744275 -11.731099
402.0 -11.854555 -11.869444
321.0 -11.89071 -11.845049
1800.0 -10.47371 -10.58773
980.0 -11.319298 -11.3667345
1020.0 -11.302133 -11.281125
1480.0 -10.711575 -10.869696
660.0 -11.369774 -11.438643
1900.0 -10.426595 -10.5229025
2330.0 -10.977346 -10.978381
720.0 -11.422203 -11.303246
2040.0 -10.463326 -10.464982
420.0 -12.036078 -11.894678
735.0 -11.415173 -11.289458
1690.0 -10.590746 -10.552743
645.0 -11.39064 -11.333502
489.0 -11.679954 -11.551589
597.0 -11.48413 -11.419235
564.0 -11.610881 -11.559859
369.0 -12.211818 -12.134269
800.0 -11.44541 -11.4852495
429.0 -12.01683 -12.059892
573.0 -11.474159 -11.504744
1410.0 -11.176468 -11.245345
780.0 -11.417063 -11.510205
717.0 -11.423621 -11.507986
1500.0 -11.152486 -11.214478
1920.0 -11.055178 -11.108762
705.0 -11.292383 -11.326141
393.0 -11.739236 -11.808869
540.0 -11.729072 -11.777617
2310.0 -10.949981 -10.959296
321.0 -11.655803 -11.625973
645.0 -11.527186 -11.484644
1160.0 -10.856939 -10.80282
573.0 -11.644829 -11.571117
660.0 -11.535881 -11.48901
1300.0 -11.246108 -11.244741
900.0 -11.189112 -11.109907
1480.0 -10.703382 -10.718963
462.0 -11.639906 -11.63386
2010.0 -10.37756 -10.331424
408.0 -11.769205 -11.733271
351.0 -11.635081 -11.6049
2250.0 -10.337012 -10.375855
768.0 -11.505306 -11.547707
573.0 -11.548583 -11.634545
684.0 -11.473161 -11.470325
315.0 -11.659968 -11.657615
870.0 -11.544811 -11.486064
513.0 -11.789533 -11.8462715
504.0 -11.665242 -11.64779
2050.0 -11.028968 -11.054455
2420.0 -10.273713 -10.355745
309.0 -11.910416 -11.893033
522.0 -11.708254 -11.709676
1240.0 -11.225663 -11.196342
1560.0 -11.119381 -11.089438
1860.0 -11.067825 -11.048754
558.0 -11.651324 -11.622212
576.0 -11.495389 -11.459451
1510.0 -11.133418 -11.137561
1000.0 -11.34197 -11.354986
1560.0 -11.119381 -11.130396
378.0 -12.179835 -12.097253
2410.0 -10.219486 -10.252288
792.0 -11.410534 -11.415427
471.0 -11.6317425 -11.7102585
450.0 -11.651033 -11.596021
474.0 -11.695174 -11.7102585
420.0 -11.680168 -11.745132
2320.0 -10.369651 -10.246129
1780.0 -11.380153 -11.154758
2290.0 -10.379073 -10.253902
339.0 -11.862695 -11.912502
618.0 -11.4729805 -11.514558
357.0 -11.890648 -11.915288
330.0 -11.649563 -11.691517
426.0 -11.794086 -11.83572
483.0 -11.685979 -11.725953
492.0 -11.839591 -11.903178
339.0 -11.955144 -11.960396
681.0 -11.479873 -11.388931
552.0 -11.621227 -11.605915
729.0 -11.58669 -11.554668
768.0 -11.574282 -11.537455
1660.0 -11.395945 -11.224635
504.0 -11.820216 -11.792776
387.0 -11.714645 -11.605151
1090.0 -11.302387 -11.399633
357.0 -11.9241295 -11.989106
675.0 -11.48945 -11.472044
1080.0 -10.993759 -11.097429
1220.0 -11.231827 -11.329859
540.0 -11.573787 -11.71775
1420.0 -10.735113 -10.824593
603.0 -11.452554 -11.469337
540.0 -11.526238 -11.496536
1950.0 -11.023141 -11.062152
576.0 -11.654437 -11.548498
585.0 -11.490615 -11.450029
1230.0 -11.464346 -11.308019
1230.0 -10.868501 -10.825741
681.0 -11.475037 -11.489068
890.0 -11.360595 -11.4004965
1610.0 -11.105783 -11.109062
2120.0 -10.331145 -10.318195
830.0 -11.428242 -11.425787
741.0 -11.41239 -11.391579
2000.0 -11.012212 -11.046821
372.0 -11.899765 -11.839241
1950.0 -11.0552845 -11.128536
696.0 -11.443961 -11.355111
510.0 -11.598042 -11.493525
315.0 -12.128997 -12.123038
2260.0 -10.973302 -11.076064
1610.0 -10.6346445 -10.611222
1060.0 -10.935669 -10.946152
1030.0 -11.505354 -11.440102
603.0 -11.480919 -11.527748
2330.0 -10.959706 -11.035949
1650.0 -10.612393 -10.6193285
1290.0 -11.453411 -11.368254
321.0 -12.403307 -12.326883
2480.0 -10.931933 -10.836557
513.0 -11.531363 -11.609826
970.0 -11.013194 -11.076347
1080.0 -11.33563 -11.491072
537.0 -11.735588 -11.897799
381.0 -11.747225 -11.834781
453.0 -11.94912 -12.002695
669.0 -11.487006 -11.468916
1480.0 -11.142063 -11.148808
426.0 -11.585038 -11.5276785
2240.0 -10.991256 -11.034115
2280.0 -10.307819 -10.297065
450.0 -11.686535 -11.549441
830.0 -11.390483 -11.345159
1380.0 -11.184761 -11.071359
820.0 -11.377223 -11.29345
1710.0 -10.580139 -10.498636
720.0 -11.420136 -11.233469
1300.0 -10.8320055 -10.846953
2000.0 -11.038864 -11.05963
729.0 -11.394159 -11.307966
2460.0 -10.201606 -10.331306
300.0 -12.500621 -12.307515
618.0 -11.574767 -11.631102
741.0 -11.438987 -11.528827
615.0 -11.569445 -11.658964
618.0 -11.626421 -11.7126045
558.0 -11.701534 -11.786015
735.0 -11.398244 -11.460642
300.0 -11.8213215 -11.841941
950.0 -11.365622 -11.449663
1140.0 -11.30935 -11.395171
468.0 -11.634447 -11.640824
1130.0 -11.260675 -11.246605
1970.0 -10.436483 -10.660824
708.0 -11.425509 -11.365794
1110.0 -10.895412 -10.912294
531.0 -11.580922 -11.458272
2320.0 -10.948114 -10.867516
900.0 -11.536849 -11.385434
438.0 -11.98283 -11.91467
1850.0 -10.535429 -10.495439
2200.0 -11.000558 -10.923797
2000.0 -10.423078 -10.3960085
1520.0 -11.147328 -11.1617365
1260.0 -10.845618 -10.904336
1130.0 -11.258153 -11.348659
684.0 -11.475125 -11.447661
744.0 -11.437261 -11.528995
1990.0 -11.355007 -11.15089
1300.0 -11.197892 -11.252415
522.0 -11.667743 -11.727657
621.0 -11.625247 -11.650002
300.0 -12.187312 -12.277176
1130.0 -10.965137 -11.058161
1920.0 -10.459342 -10.484648
1410.0 -11.185157 -11.243339
1100.0 -11.3266945 -11.342
384.0 -11.904619 -11.868962
2440.0 -10.952012 -10.999211
1440.0 -11.175628 -11.1658745
1800.0 -10.534085 -10.513337
573.0 -11.497186 -11.361235
447.0 -11.7940855 -11.666302
720.0 -11.589657 -11.462506
630.0 -11.390963 -11.356884
1340.0 -11.4447 -11.264822
393.0 -11.805859 -11.770591
920.0 -11.336249 -11.334712
1170.0 -11.296777 -11.396148
1630.0 -10.560183 -10.596819
510.0 -11.612221 -11.632957
1400.0 -11.210767 -11.370717
741.0 -11.438987 -11.583481
420.0 -11.747291 -11.793487
1750.0 -10.576792 -10.6067
747.0 -11.435541 -11.506147
1160.0 -11.246893 -11.292652
327.0 -11.968231 -11.917216
351.0 -11.768549 -11.757752
1410.0 -10.756285 -10.66277
1210.0 -10.899745 -10.862882
1690.0 -10.573898 -10.503955
321.0 -11.792123 -11.762152
1970.0 -11.018736 -10.980366
567.0 -11.647404 -11.574504
618.0 -11.429819 -11.43637
378.0 -11.807454 -11.764699
1310.0 -10.808868 -10.821444
1960.0 -11.036922 -11.070221
525.0 -11.550983 -11.587819
2210.0 -10.983279 -10.922637
2130.0 -11.014449 -11.0107765
624.0 -11.512299 -11.420265
1410.0 -10.686619 -10.895302
1630.0 -10.623442 -10.824623
1250.0 -10.834189 -10.949565
2170.0 -10.976987 -11.000094
345.0 -12.302795 -12.184172
543.0 -11.521373 -11.4664345
546.0 -11.546178 -11.450794
723.0 -11.449491 -11.344083
309.0 -12.151829 -12.104687
378.0 -11.840188 -11.8012
840.0 -11.459975 -11.448253
576.0 -11.600773 -11.573187
777.0 -11.49938 -11.511773
1740.0 -11.072303 -11.10955
303.0 -11.817172 -11.844701
549.0 -11.5409355 -11.504131
393.0 -11.879559 -11.87332
880.0 -11.098323 -11.116916
1700.0 -11.3905525 -11.125957
309.0 -12.457736 -12.369963
1980.0 -10.39066 -10.305141
447.0 -11.571629 -11.705046
702.0 -11.430779 -11.566445
2050.0 -10.459741 -10.5763855
1160.0 -11.2739105 -11.386173
753.0 -11.3727045 -11.371425
696.0 -11.510769 -11.62645
1640.0 -11.116935 -11.160557
771.0 -11.232048 -11.239242
1470.0 -11.166303 -11.172049
537.0 -11.531131 -11.522674
1940.0 -10.500292 -10.296694
687.0 -11.516912 -11.532209
890.0 -11.360595 -11.331968
642.0 -11.394888 -11.298605
1980.0 -10.44929 -10.310479
789.0 -11.567881 -11.4836035
1530.0 -10.664578 -10.490447
417.0 -11.833504 -11.863309
426.0 -11.734795 -11.791136
492.0 -11.543865 -11.581174
2180.0 -10.364627 -10.364565
2110.0 -10.989096 -11.129733
1910.0 -11.032085 -11.10466
531.0 -11.580922 -11.551157
920.0 -11.167009 -11.073332
579.0 -11.490501 -11.47041
1730.0 -11.074788 -11.0908165
648.0 -11.386417 -11.385777
1870.0 -11.057979 -11.107513
588.0 -11.537593 -11.495354
576.0 -11.469576 -11.487529
1060.0 -11.28448 -11.278853
2130.0 -11.3397255 -11.078616
1550.0 -10.652664 -10.608202
1040.0 -11.045619 -11.051701
2470.0 -10.921042 -11.098715
1850.0 -10.449833 -10.469733
579.0 -11.65241 -11.757454
381.0 -11.614696 -11.66699
2110.0 -10.39324 -10.382604
1750.0 -11.08774 -11.146364
2040.0 -10.405549 -10.406668
525.0 -11.645441 -11.6262455
504.0 -11.810642 -11.942941
2450.0 -10.956964 -10.766751
606.0 -11.479321 -11.432529
1090.0 -10.999926 -11.0466385
759.0 -11.364362 -11.359263
2020.0 -11.351641 -11.06724
1990.0 -10.48155 -10.686854
1500.0 -11.13628 -11.155332
1070.0 -11.002839 -11.154414
2020.0 -10.414265 -10.566488
1830.0 -11.0848 -11.188837
1870.0 -10.48288 -10.590664
423.0 -12.026986 -12.151606
1380.0 -10.7053795 -10.701128
375.0 -11.8950405 -11.825387
501.0 -11.7307005 -11.668768
2040.0 -11.349425 -11.0420685
1300.0 -11.222 -11.2178755
1500.0 -11.41896 -11.212284
333.0 -11.782394 -11.776101
2020.0 -10.470555 -10.480424
528.0 -11.642683 -11.599981
423.0 -11.677165 -11.64496
2310.0 -10.372777 -10.402591
2090.0 -10.343559 -10.414895
1890.0 -10.431192 -10.507794
519.0 -11.561082 -11.641207
1290.0 -11.201215 -11.298671
654.0 -11.61273 -11.676234
507.0 -11.581639 -11.6475315
1840.0 -11.082263 -11.22788
678.0 -11.484648 -11.43629
1380.0 -11.17219 -11.24424
582.0 -11.485647 -11.489607
684.0 -11.462823 -11.381882
1220.0 -10.812915 -10.768818
2350.0 -10.973883 -10.900599
810.0 -11.40092 -11.387929
1840.0 -11.372666 -11.1251545
820.0 -11.39567 -11.337103
2480.0 -10.234699 -10.374281
693.0 -11.598804 -11.593178
1670.0 -11.110469 -11.141152
1100.0 -10.975898 -11.068095
303.0 -11.817172 -11.6182995
495.0 -11.832265 -11.856813
2280.0 -10.955628 -11.0702915
324.0 -11.976384 -12.029
597.0 -11.461854 -11.56652
2070.0 -11.02764 -11.191761
693.0 -11.325931 -11.433215
663.0 -11.346204 -11.398479
669.0 -11.338308 -11.358022
780.0 -11.221986 -11.245888
453.0 -11.680687 -11.6069765
2070.0 -10.99736 -10.989503
726.0 -11.41131 -11.238392
1990.0 -11.030125 -11.094869
1900.0 -11.034351 -11.0382
1720.0 -11.098839 -11.095402
489.0 -11.545674 -11.526711
489.0 -11.744043 -11.692465
1310.0 -11.194595 -11.203561
498.0 -11.63563 -11.499923
486.0 -11.863616 -11.643046
1510.0 -10.688065 -10.582006
303.0 -12.024038 -12.043948
1320.0 -10.744162 -10.687886
423.0 -12.034576 -11.993157
2210.0 -10.969098 -11.042318
1790.0 -11.077591 -11.199427
426.0 -11.718638 -11.87471
1650.0 -10.549551 -10.571972
756.0 -11.231218 -11.328609
1760.0 -10.537254 -10.702151
1340.0 -10.731041 -10.813426
573.0 -11.548583 -11.582612
1630.0 -11.400079 -11.190344
678.0 -11.569368 -11.600252
1800.0 -11.080849 -11.07547
708.0 -11.458443 -11.457968
1380.0 -11.437975 -11.265245
1220.0 -11.250901 -11.283477
1360.0 -11.201518 -11.241767
627.0 -11.558612 -11.501049
1830.0 -11.050549 -11.077698
747.0 -11.51945 -11.564543
1630.0 -11.100462 -11.140368
1920.0 -10.50794 -10.3976755
705.0 -11.594691 -11.580542
525.0 -11.585745 -11.668766
468.0 -11.768379 -11.837671
723.0 -11.402998 -11.322101
1660.0 -10.590134 -10.49565
756.0 -11.368523 -11.279961
606.0 -11.6081085 -11.615789
666.0 -11.342247 -11.345645
759.0 -11.470021 -11.49505
471.0 -11.691183 -11.750096
1830.0 -11.067674 -11.118477
504.0 -11.60306 -11.495872
1760.0 -11.067373 -11.082389
1980.0 -11.032379 -11.078939
687.0 -11.471293 -11.4272585
507.0 -11.534905 -11.522414
1690.0 -11.391888 -11.204441
2250.0 -10.39185 -10.384829
2450.0 -10.950139 -11.0583725
2440.0 -10.333255 -10.333856
1170.0 -11.2476225 -11.300501
396.0 -12.118973 -12.299854
960.0 -11.022251 -11.106203
1620.0 -10.565547 -10.575251
363.0 -12.233758 -12.294695
687.0 -11.3150425 -11.331224
1490.0 -10.638486 -10.582571
585.0 -11.539769 -11.464352
747.0 -11.241704 -11.213689
1200.0 -10.827343 -10.746435
2170.0 -10.991429 -11.036839
2460.0 -10.948276 -10.968588
960.0 -11.046541 -11.081205
630.0 -11.466722 -11.452248
471.0 -11.892624 -11.893462
2200.0 -10.971057 -10.889299
603.0 -11.526875 -11.461642
708.0 -11.288664 -11.239672
417.0 -11.753607 -11.747458
930.0 -11.341754 -11.443514
753.0 -11.406874 -11.423253
723.0 -11.270301 -11.244936
880.0 -11.40105 -11.438191
2050.0 -10.401227 -10.435658
1580.0 -10.587344 -10.552807
342.0 -12.033532 -11.999782
564.0 -11.678613 -11.677266
570.0 -11.660781 -11.627959
591.0 -11.6251335 -11.627519
1370.0 -11.198196 -11.226273
768.0 -11.423692 -11.502042
480.0 -11.623731 -11.63051
393.0 -11.70817 -11.563805
753.0 -11.578972 -11.50579
765.0 -11.342991 -11.276916
366.0 -11.757633 -11.776029
2090.0 -11.02121 -11.017183
1100.0 -11.4901085 -11.400247
786.0 -11.413786 -11.581593
438.0 -11.990843 -12.041542
726.0 -11.4908905 -11.559267
1410.0 -10.74005 -10.804121
636.0 -11.602737 -11.623871
1940.0 -11.057669 -11.099345
600.0 -11.633464 -11.614566
1920.0 -11.029832 -11.04224
880.0 -11.119053 -11.144622
420.0 -11.808932 -11.7476425
420.0 -12.04358 -11.967561
1500.0 -10.699246 -10.629395
615.0 -11.412096 -11.361533
540.0 -11.739337 -11.705325
675.0 -11.478811 -11.501648
387.0 -12.148908 -12.1184225
1520.0 -10.683037 -10.717749
453.0 -11.717408 -11.652239
582.0 -11.649654 -11.64053
651.0 -11.590532 -11.591275
1470.0 -10.717811 -10.757818
1490.0 -10.705386 -10.741617
630.0 -11.557968 -11.573363
1400.0 -10.746673 -10.777706
489.0 -11.6536875 -11.729666
2030.0 -11.005785 -11.027416
1360.0 -10.773723 -10.761925
1520.0 -11.130574 -11.137836
860.0 -11.235179 -11.240624
336.0 -12.05379 -12.162586
306.0 -11.666217 -11.6561365
375.0 -11.727894 -11.555776
432.0 -11.581178 -11.559539
432.0 -11.813373 -11.87652
336.0 -11.773969 -11.755201
654.0 -11.49229 -11.581347
1210.0 -11.228751 -11.224003
639.0 -11.551225 -11.559084
675.0 -11.5716715 -11.580912
1230.0 -11.221702 -11.279879
366.0 -11.957302 -11.946718
850.0 -11.233315 -11.141341
1700.0 -11.119203 -11.141736
2260.0 -10.989692 -10.767023
642.0 -11.500183 -11.533839
438.0 -11.711598 -11.674484
940.0 -11.37051 -11.373495
1770.0 -10.56831 -10.542355
1380.0 -11.21761 -11.244799
2010.0 -10.4742 -10.4747095
860.0 -11.547531 -11.448477
714.0 -11.542627 -11.545422
306.0 -11.813063 -11.632815
330.0 -12.360273 -12.337354
1600.0 -11.404293 -11.248735
1600.0 -11.128057 -11.238869
1900.0 -11.36543 -11.213512
1310.0 -10.82482 -11.034637
351.0 -11.934241 -12.116489
510.0 -11.673499 -11.845711
1560.0 -11.410042 -11.378226
396.0 -11.604676 -11.738388
684.0 -11.318877 -11.4507265
723.0 -11.288315 -11.429615
675.0 -11.605122 -11.645531
2400.0 -10.223106 -10.37426
1210.0 -11.280554 -11.333799
2120.0 -11.01548 -11.0090275
2230.0 -10.965206 -11.0045
1830.0 -10.502224 -10.477275
651.0 -11.542391 -11.433674
2180.0 -10.975001 -10.947445
2360.0 -10.972161 -10.814967
940.0 -11.131105 -10.994811
2370.0 -10.952126 -10.927196
417.0 -11.590871 -11.460834
726.0 -11.398567 -11.250298
1660.0 -11.130359 -11.127991
2420.0 -11.311127 -11.038341
1730.0 -11.092904 -11.138739
1540.0 -10.609703 -10.595043
534.0 -11.536052 -11.568011
579.0 -11.659414 -11.770354
1830.0 -10.519308 -10.719166
2330.0 -10.946256 -11.130393
492.0 -11.647619 -11.705122
342.0 -11.928574 -11.936069
1050.0 -11.28969 -11.345071
2270.0 -10.329297 -10.388598
726.0 -11.534059 -11.557894
324.0 -11.789187 -11.594588
2480.0 -10.194555 -10.36108
2260.0 -10.388633 -10.35366
315.0 -11.8009615 -11.627493
753.0 -11.515363 -11.541507
450.0 -11.94898 -11.936877
1700.0 -10.523527 -10.369484
2270.0 -10.985139 -10.879474
774.0 -11.228678 -11.201394
1190.0 -11.235917 -11.434696
2490.0 -10.2312155 -10.3630295
2090.0 -11.343984 -11.126795
2300.0 -10.260168 -10.3574295
2260.0 -10.987168 -11.107721
1240.0 -11.21822 -11.366577
2020.0 -11.007916 -11.144354
1040.0 -11.030703 -11.001824
1960.0 -10.458276 -10.443635
1580.0 -11.133726 -11.107215
600.0 -11.619249 -11.40124
468.0 -11.701413 -11.625067
654.0 -11.54021 -11.516464
687.0 -11.333702 -11.26108
2360.0 -11.316743 -11.074146
720.0 -11.273942 -11.229478
531.0 -11.758869 -11.709308
2020.0 -11.034879 -11.133176
980.0 -11.104064 -11.1546135
1900.0 -10.515678 -10.910753
498.0 -11.834448 -11.841373
744.0 -11.581835 -11.58016
447.0 -11.723973 -11.762851
477.0 -11.635266 -11.646259
792.0 -11.190497 -11.162963
1370.0 -10.711724 -10.585917
2040.0 -11.003663 -11.017898
1720.0 -11.387905 -11.184664
1930.0 -11.053105 -11.013919
2010.0 -10.435999 -10.336859
435.0 -11.665357 -11.752278
1850.0 -11.045858 -11.150117
441.0 -11.758198 -11.776453
1580.0 -10.6351185 -10.563327
1110.0 -10.928435 -10.968191
1780.0 -11.080106 -11.055523
2120.0 -11.016621 -10.777039
471.0 -11.6464 -11.677817
336.0 -12.334882 -12.388381
474.0 -11.554811 -11.653693
570.0 -11.677216 -11.758295
1350.0 -10.7967 -10.816967
1010.0 -11.074319 -11.1047535
585.0 -11.6469145 -11.705973
534.0 -11.63722 -11.64274
558.0 -11.690957 -11.702911
1880.0 -10.478116 -10.541493
525.0 -11.6663265 -11.6031065
920.0 -11.152749 -11.139845
705.0 -11.429339 -11.3894005
2240.0 -10.283189 -10.326427
2280.0 -10.983119 -11.070267
366.0 -11.82373 -11.689394
1890.0 -11.036629 -11.061744
1180.0 -10.842015 -10.901543
1190.0 -10.834648 -10.8966675
726.0 -11.284662 -11.285652
621.0 -11.514351 -11.422123
714.0 -11.281272 -11.235027
2420.0 -10.94283 -11.054148
306.0 -12.0179 -11.905422
1440.0 -10.668255 -10.685032
435.0 -11.737403 -11.6955805
600.0 -11.528996 -11.52121
1620.0 -10.612309 -10.776964
1530.0 -10.678046 -10.751187
1240.0 -11.462485 -11.342437
336.0 -12.339274 -12.189979
429.0 -11.728614 -11.726644
789.0 -11.3238535 -11.299199
840.0 -11.259213 -11.2531395
534.0 -11.6959095 -11.908796
636.0 -11.542755 -11.582721
471.0 -11.698282 -11.865352
2080.0 -11.345061 -11.009998
528.0 -11.70204 -11.838859
327.0 -12.377186 -12.230443
830.0 -11.466001 -11.52602
2480.0 -10.919296 -11.048403
363.0 -11.91423 -11.916276
519.0 -11.590622 -11.655635
366.0 -12.222724 -12.068171
850.0 -11.247108 -11.192775
2370.0 -10.2740755 -10.424398
513.0 -11.799289 -11.713381
1500.0 -11.13628 -11.036726
2250.0 -10.989207 -11.017357
2430.0 -11.3102045 -10.969475
603.0 -11.602385 -11.599799
1810.0 -10.551665 -10.531202
1190.0 -11.262254 -11.28456
423.0 -11.801474 -11.836239
1650.0 -11.114198 -11.18846
687.0 -11.438048 -11.486524
738.0 -11.252317 -11.273558
2400.0 -10.263141 -10.312289
2300.0 -10.965481 -11.05461
1390.0 -11.436325 -11.307663
1290.0 -10.823368 -10.825712
1320.0 -11.191322 -11.298791
459.0 -11.642661 -11.705867
345.0 -11.944576 -11.964591
1450.0 -11.1656475 -11.155982
627.0 -11.510256 -11.45762
492.0 -11.740671 -11.763423
1720.0 -10.574888 -10.530765
1250.0 -10.868934 -10.832957
2270.0 -10.957527 -10.971367
1770.0 -11.087509 -11.043718
357.0 -11.748554 -11.540009
1790.0 -11.060082 -11.05694
519.0 -11.775734 -11.847769
1180.0 -11.292665 -11.345
390.0 -11.887822 -11.925909
1520.0 -11.130574 -11.171108
2420.0 -10.92988 -11.031262
1370.0 -10.762761 -10.755747
669.0 -11.529467 -11.534735
1600.0 -10.644124 -10.613156
606.0 -11.631181 -11.590136
810.0 -11.381529 -11.362665
1680.0 -10.579273 -10.548208
738.0 -11.44072 -11.515813
783.0 -11.455447 -11.454242
639.0 -11.399161 -11.384264
1810.0 -11.078651 -11.0569725
456.0 -11.674878 -11.619079
765.0 -11.220858 -11.19953
717.0 -11.411931 -11.319873
417.0 -11.724069 -11.705717
1680.0 -11.124745 -11.187172
639.0 -11.502178 -11.468531
492.0 -11.848912 -11.868618
348.0 -12.290936 -12.235639
690.0 -11.465708 -11.423078
690.0 -11.514855 -11.540597
387.0 -11.610673 -11.6263075
2180.0 -10.4148245 -10.436646
681.0 -11.602996 -11.615378
1490.0 -11.18123 -11.288567
